date,open,high,low,close,volume,adjusted_close,name
2008-03-14,17.76,17.76,16.97,17.07,18581800.0,17.07,ewh
2002-07-24,32.2,33.44,32.12,33.44,612525.0,33.44,ewj
2001-06-22,16.21,16.35,16.21,16.23,101300.0,16.23,ewg
2011-08-15,34.65,35.0,34.44,34.99,7300458.0,34.99,xlb
2000-06-14,29.47,29.64,29.19,29.28,57400.0,29.28,xli
2008-02-01,40.76,41.06,40.14,40.92,13186100.0,40.92,xlb
2013-02-06,24.92,25.11,24.9,25.05,5410520.0,25.05,ewg
2015-04-01,48.72,48.81,48.33,48.8,8033379.0,48.8,xlp
2010-09-20,23.41,23.71,23.32,23.64,4137463.0,23.64,ewa
2008-07-07,22.6,22.89,22.23,22.69,6849900.0,22.69,xlk
2013-06-20,56.01,56.09,54.95,55.11,12942817.0,55.11,xly
2000-01-21,28.94,29.23,28.78,29.09,483300.0,29.09,xle
2013-03-11,25.25,25.39,25.21,25.38,3561332.0,25.38,ewg
2000-08-01,24.5,25.12,24.42,25.12,691600.0,25.12,xlp
2013-04-24,45.88,46.24,45.84,46.02,10669171.0,46.02,ewj
2012-05-17,21.5,21.55,21.18,21.18,876608.0,21.18,ewa
2015-10-08,76.36,77.74,76.33,77.63,6323322.0,77.63,xly
2004-10-08,101.2,101.73,100.59,100.7,7103200.0,100.7,dia
2012-06-05,13.33,13.61,13.32,13.57,24208661.0,13.57,xlf
2002-05-10,107.97,108.05,105.52,105.78,18203000.0,105.78,spy
2014-04-03,25.85,25.85,25.75,25.81,1785232.0,25.81,ewa
2001-01-02,27.0,27.28,26.14,26.14,9400.0,26.14,xlv
2003-02-04,9.75,9.85,9.56,9.75,776300.0,9.75,ewc
2001-03-15,26.25,26.5,25.98,26.38,516000.0,26.38,xlf
2011-02-03,120.04,120.57,119.57,120.37,1552850.0,120.37,dia
2008-05-27,124.87,125.68,124.37,125.47,8751500.0,125.47,dia
2004-04-21,13.55,13.72,13.51,13.53,76300.0,13.53,ewa
2016-07-21,45.81,45.87,45.45,45.56,5473385.0,45.56,xlk
2013-03-01,139.89,140.9,139.17,140.74,6506847.0,140.74,dia
2011-04-05,25.91,26.06,25.86,25.88,2814858.0,25.88,xlk
2013-02-06,39.88,40.28,39.8,40.2,12497230.0,40.2,ewj
2011-03-04,45.72,45.82,45.4,45.76,1648365.0,45.76,ewj
2005-09-08,123.66,124.0,123.31,123.5,36772000.0,123.5,spy
2004-06-04,31.3,31.3,31.04,31.09,352800.0,31.09,xlv
2005-01-26,29.55,29.98,29.55,29.76,825500.0,29.76,xli
2002-02-04,27.25,27.25,26.66,26.8,18800.0,26.8,xlu
2000-10-02,31.98,32.47,31.81,32.47,22700.0,32.47,xlu
2006-01-30,21.71,21.83,21.68,21.78,3770400.0,21.78,xlk
2009-02-13,21.95,21.97,21.52,21.59,8600985.0,21.59,xlb
2000-04-13,29.25,29.38,29.02,29.12,440800.0,29.12,xle
2006-03-27,33.67,33.87,33.67,33.78,707800.0,33.78,xly
2004-01-21,23.45,23.96,23.42,23.91,623800.0,23.91,xlu
2009-09-28,28.64,29.07,28.58,28.84,4043696.0,28.84,xlv
2000-08-01,29.0,29.59,29.03,29.38,6200.0,29.38,xlv
2004-02-13,17.11,17.16,16.63,16.74,143700.0,16.74,ewg
2013-07-19,39.35,39.51,39.25,39.39,7016109.0,39.39,xlu
2000-06-22,24.06,24.06,23.72,23.78,48000.0,23.78,xlp
2000-06-29,27.86,28.03,27.62,27.91,11500.0,27.91,xlu
2007-06-11,35.77,36.04,35.77,35.86,1227500.0,35.86,xlv
2015-01-29,28.26,28.55,28.19,28.54,4529718.0,28.54,ewg
2006-07-20,126.12,126.3,124.66,124.83,4776700.0,124.83,spy
2002-05-24,29.65,29.79,29.31,29.32,21900.0,29.32,xly
2005-10-21,29.52,29.61,29.24,29.29,1035300.0,29.29,xli
2002-04-22,28.7,28.82,28.35,28.49,498300.0,28.49,xle
2009-09-22,44.91,45.2,44.3,44.47,2545949.0,44.47,eww
2010-06-22,111.41,111.9,109.41,109.57,239355313.0,109.57,spy
2006-01-17,32.23,32.4,32.23,32.37,1055600.0,32.37,xlv
2012-10-02,23.06,23.1,22.83,22.91,1801369.0,22.91,ewg
2002-10-28,9.24,9.48,9.17,9.17,9100.0,9.17,ewc
2014-09-25,67.54,67.61,66.68,66.72,4639618.0,66.72,xly
2013-06-28,39.84,40.04,39.64,39.67,11033280.0,39.67,xlp
2000-08-25,57.0,56.0,55.5,56.0,45875.0,56.0,ewj
2007-04-03,58.2,58.64,58.2,58.44,4081650.0,58.44,ewj
2002-08-26,28.15,28.19,27.73,28.17,25500.0,28.17,xlv
2010-01-07,23.77,23.8,23.61,23.77,3127251.0,23.77,ewa
2008-06-12,28.03,28.27,27.92,28.06,2360100.0,28.06,xlp
2013-01-08,41.02,41.2,41.01,41.04,5787234.0,41.04,xlv
2002-08-21,15.36,15.64,15.11,15.58,640100.0,15.58,xlk
2000-09-18,57.0,53.75,53.0,53.0,71375.0,53.0,ewj
2005-06-06,26.18,26.3,25.99,26.09,642100.0,26.09,eww
2015-09-18,42.29,42.72,42.13,42.23,13646005.0,42.23,xlu
2009-04-06,45.42,45.48,44.42,45.09,26212032.0,45.09,xle
2014-05-13,36.87,36.94,36.74,36.84,5744088.0,36.84,xlk
2007-08-24,34.34,34.71,34.1,34.54,33333100.0,34.54,xlf
2007-07-20,32.54,32.54,31.88,31.92,530300.0,31.92,ewc
2000-10-25,23.25,23.25,22.81,22.81,141800.0,22.81,xly
2006-03-30,23.81,23.88,23.6,23.69,1429900.0,23.69,xlp
2005-02-10,11.69,11.71,11.6,11.66,281700.0,11.66,ewh
2013-09-25,51.0,51.02,50.52,50.52,5207466.0,50.52,xlv
2004-11-08,29.38,29.48,29.33,29.38,4027000.0,29.38,xlf
2012-10-24,24.47,24.51,24.37,24.42,599078.0,24.42,ewa
2000-05-30,26.31,26.5,26.14,26.48,92000.0,26.48,xly
2004-10-11,16.24,16.25,16.19,16.24,52500.0,16.24,ewg
2008-05-08,33.49,33.75,33.37,33.75,714900.0,33.75,ewc
2012-09-11,23.69,23.87,23.69,23.81,481874.0,23.81,ewa
2004-06-18,31.78,32.03,31.78,31.89,50000.0,31.89,xly
2011-05-09,39.43,40.04,39.4,39.92,4263743.0,39.92,xlb
2002-03-05,11.09,11.28,11.0,11.0,12000.0,11.0,ewc
2010-05-28,19.15,19.15,19.15,19.15,2605325.0,19.15,ewg
2001-09-25,9.45,9.6,9.45,9.6,17800.0,9.6,ewc
2007-05-22,36.8,36.81,36.52,36.65,1092100.0,36.65,xlv
2016-02-25,20.88,21.18,20.88,21.17,71046176.0,21.17,xlf
2015-12-07,20.34,20.36,20.2,20.27,2671779.0,20.27,ewh
2000-01-11,27.45,27.45,27.08,27.28,25700.0,27.28,xlu
2016-04-26,209.04,209.52,208.36,208.92,73631053.0,208.92,spy
2002-04-25,9.99,10.05,9.94,10.05,32800.0,10.05,ewa
2012-11-13,127.4,128.91,127.36,127.53,964153.0,127.53,dia
2006-08-15,40.54,41.06,40.54,41.02,939500.0,41.02,eww
2014-01-28,84.23,84.8,84.0,84.67,9112707.0,84.67,xle
2005-04-18,28.9,29.2,28.8,29.04,826900.0,29.04,xli
2007-01-23,26.67,26.69,26.54,26.63,645700.0,26.63,xlp
2013-06-21,47.24,47.59,46.89,47.28,15980563.0,47.28,xlv
2016-03-24,173.85,174.94,173.7,174.94,5098137.0,174.94,dia
2000-09-19,11.75,12.25,11.94,12.25,118700.0,12.25,ewh
2015-02-13,57.0,57.28,56.86,57.17,5922379.0,57.17,xli
2007-01-30,57.04,57.48,56.96,57.48,3522975.0,57.48,ewj
2000-02-04,23.61,23.61,23.28,23.42,105000.0,23.42,xlb
2001-10-25,34.76,35.32,34.48,35.32,257875.0,35.32,ewj
2014-01-31,22.87,23.15,22.82,23.04,1226963.0,23.04,ewa
2013-03-15,155.85,156.04,155.31,155.83,138601089.0,155.83,spy
2010-08-24,30.44,30.93,30.36,30.72,13737374.0,30.72,xlu
2005-11-07,19.01,19.07,18.92,19.0,205200.0,19.0,ewg
2012-11-21,22.4,22.5,22.39,22.47,17190263.0,22.47,ewg
2015-06-24,27.76,27.93,27.71,27.78,1589133.0,27.78,ewc
2007-11-05,35.7,35.77,35.31,35.65,1313000.0,35.65,ewc
2014-08-05,51.69,52.2,51.5,51.65,13501480.0,51.65,xli
2010-03-01,26.13,26.46,26.09,26.44,3630876.0,26.44,ewc
2000-07-11,26.56,28.56,28.16,28.33,64100.0,28.33,xly
2003-07-08,11.91,11.91,11.72,11.75,71100.0,11.75,ewc
2001-10-30,24.4,24.56,24.2,24.21,8600.0,24.21,xli
2016-07-14,58.64,58.87,58.46,58.7,11795390.0,58.7,xli
2011-12-22,35.63,35.65,35.48,35.58,714437.0,35.58,xlu
2001-03-30,10.8,11.0,10.8,10.85,3900.0,10.85,ewc
2011-11-22,51.93,52.76,51.78,52.48,1364389.0,52.48,eww
2004-05-25,18.7,19.08,18.7,18.97,191400.0,18.97,eww
2005-01-19,106.15,106.25,105.25,105.25,6355200.0,105.25,dia
2009-08-12,13.72,14.15,13.71,14.04,104443707.0,14.04,xlf
2008-08-04,27.4,27.8,27.36,27.6,2252300.0,27.6,xlp
2013-10-17,152.11,153.59,152.05,153.48,9925252.0,153.48,dia
2005-10-06,31.0,31.11,30.54,30.78,2048500.0,30.78,xlv
2002-09-06,9.4,9.4,9.21,9.24,1500.0,9.24,ewc
2007-06-22,25.55,25.79,25.43,25.53,1768400.0,25.53,xlk
2001-10-04,34.6,34.64,34.2,34.4,216475.0,34.4,ewj
2004-01-28,13.59,13.65,13.31,13.34,131100.0,13.34,ewa
2001-12-03,98.1,98.86,97.21,97.8,1778600.0,97.8,dia
2000-03-21,28.19,28.44,27.94,28.38,138700.0,28.38,ewg
2011-09-30,31.77,32.34,31.72,31.72,2329762.0,31.72,xlv
2005-05-16,28.3,28.73,28.25,28.73,8492700.0,28.73,xlf
2006-01-11,22.1,22.31,22.07,22.26,2341700.0,22.26,xlk
2010-12-31,38.39,38.54,38.31,38.41,2424684.0,38.41,xlb
2011-01-27,26.36,26.52,26.29,26.44,9052408.0,26.44,xlk
2009-10-26,26.05,26.27,25.83,25.87,5801493.0,25.87,xlp
2001-06-01,43.52,43.52,43.0,43.28,85550.0,43.28,ewj
2015-07-27,21.58,21.85,21.55,21.71,4025914.0,21.71,ewh
2010-05-04,59.79,59.84,58.35,58.97,30584302.0,58.97,xle
2001-10-01,24.59,24.78,24.45,24.61,256900.0,24.61,xlf
2003-07-23,25.67,25.7,25.36,25.53,711000.0,25.53,xlf
2011-09-30,20.25,20.53,20.04,20.06,1086415.0,20.06,ewa
2002-08-16,11.75,12.09,11.75,11.97,15600.0,11.97,ewg
2004-07-12,29.65,29.68,29.43,29.55,175300.0,29.55,xlv
2010-04-13,28.48,28.56,28.17,28.48,2908538.0,28.48,ewc
2011-02-25,32.9,33.24,32.89,33.18,525779.0,33.18,ewc
2010-11-23,110.78,110.81,109.9,110.39,6622796.0,110.39,dia
2015-01-26,27.2,27.29,27.07,27.19,1180945.0,27.19,ewc
2011-03-10,16.57,16.57,16.4,16.44,21781904.0,16.44,xlf
2016-04-26,47.09,47.49,47.05,47.43,5029038.0,47.43,xlb
2005-01-21,23.45,23.45,23.13,23.17,909900.0,23.17,xlp
2015-10-02,45.6,46.6,45.48,46.6,14248840.0,46.6,ewj
2000-04-06,150.25,151.69,149.0,150.48,6378500.0,150.48,spy
2001-01-10,28.34,28.94,28.16,28.75,402500.0,28.75,xlf
2013-08-13,45.57,45.87,45.4,45.75,7791657.0,45.75,xli
2013-02-27,17.32,17.66,17.31,17.62,62552771.0,17.62,xlf
2002-06-27,98.5,99.49,96.57,99.43,31362900.0,99.43,spy
2000-07-18,20.22,20.38,20.06,20.06,49700.0,20.06,xlb
2004-07-13,22.98,23.02,22.88,22.98,451900.0,22.98,xlp
2008-02-11,22.42,22.75,22.38,22.69,3187000.0,22.69,xlk
2016-09-02,184.94,185.42,184.32,184.86,2650209.0,184.86,dia
2006-02-22,110.79,111.52,110.73,111.1,4922700.0,111.1,dia
2014-07-25,39.65,39.77,39.53,39.72,4749496.0,39.72,xlk
2016-02-03,17.33,17.48,17.12,17.48,7642253.0,17.48,ewh
2010-08-23,19.74,19.86,19.58,19.63,1525842.0,19.63,ewg
2006-11-08,121.19,121.96,121.0,121.83,9087000.0,121.83,dia
2010-08-18,30.94,31.05,30.6,30.83,20505219.0,30.83,xlu
2012-05-30,14.06,14.07,13.89,13.93,20445115.0,13.93,xlf
2001-01-16,13.75,14.0,13.75,13.88,65200.0,13.88,eww
2012-03-06,36.0,36.12,35.69,35.74,1031823.0,35.74,xlv
2002-05-22,26.6,26.67,26.42,26.66,1223500.0,26.66,xlf
2006-04-19,14.32,14.35,14.19,14.33,824000.0,14.33,ewh
2007-05-17,27.89,28.0,27.79,27.99,1952000.0,27.99,ewa
2008-08-11,16.36,16.56,16.32,16.42,2249200.0,16.42,ewh
2003-01-17,20.5,20.82,20.5,20.66,33300.0,20.66,xli
2002-11-18,25.12,25.12,24.55,24.64,10200.0,24.64,xly
2007-02-08,36.65,36.84,36.57,36.77,7890100.0,36.77,xlb
2010-06-16,33.02,33.07,32.66,32.88,7470350.0,32.88,xly
2005-06-07,17.79,17.95,17.78,17.91,303400.0,17.91,ewg
2005-01-24,29.5,29.5,29.12,29.12,341100.0,29.12,xlv
2010-05-25,20.82,21.35,20.67,21.31,18288336.0,21.31,xlk
2012-11-02,132.56,132.61,130.49,130.67,1575254.0,130.67,dia
2005-03-11,31.0,31.28,30.93,31.02,335100.0,31.02,xli
2007-06-08,27.3,27.56,27.28,27.46,616700.0,27.46,xlp
2016-11-04,67.8,68.46,67.36,67.77,17554079.0,67.77,xle
2001-10-09,23.5,23.65,23.42,23.63,28300.0,23.63,xly
2005-05-03,31.05,31.15,30.88,31.01,2736300.0,31.01,xlv
2010-08-19,26.96,26.97,26.62,26.73,7941183.0,26.73,xlp
2011-02-17,40.35,40.71,40.13,40.7,1960397.0,40.7,xlb
2016-09-30,19.14,19.4,19.11,19.3,47336889.0,19.3,xlf
2008-03-07,21.73,22.25,21.69,22.02,4613900.0,22.02,xlk
2010-04-23,41.44,41.88,41.36,41.84,4411123.0,41.84,ewj
2011-08-17,23.81,24.04,23.53,23.73,1348978.0,23.73,ewa
2013-07-30,31.8,31.97,31.76,31.84,5562169.0,31.84,xlk
2005-11-02,12.75,12.86,12.74,12.84,487700.0,12.84,ewh
2016-04-13,24.34,24.48,24.24,24.38,2358783.0,24.38,ewc
2004-08-23,29.1,29.31,29.08,29.13,133100.0,29.13,xlv
2004-05-11,109.46,110.05,109.33,109.75,45866000.0,109.75,spy
2015-12-24,44.11,44.29,44.02,44.11,3717012.0,44.11,xlb
2008-03-11,48.96,49.36,48.44,49.24,6376550.0,49.24,ewj
2010-03-30,31.45,31.59,31.29,31.42,10610473.0,31.42,xli
2000-03-01,60.25,62.0,61.0,62.0,88100.0,62.0,ewj
2000-07-11,29.28,29.5,29.22,29.3,6400.0,29.3,xlv
2013-11-12,20.01,20.03,19.87,19.94,1302924.0,19.94,ewh
2011-11-10,16.15,16.2,15.94,16.08,1617162.0,16.08,ewh
2001-12-05,10.79,11.05,10.78,11.04,5800.0,11.04,ewc
2016-09-19,48.72,48.84,48.52,48.52,3246472.0,48.52,ewj
2007-09-13,133.88,134.78,133.67,134.3,7845100.0,134.3,dia
2010-01-05,113.26,113.68,112.85,113.63,111579866.0,113.63,spy
2013-09-18,84.29,85.68,84.04,85.33,11156559.0,85.33,xle
2002-08-13,31.48,31.56,31.12,31.12,516300.0,31.12,ewj
2012-11-26,70.99,71.04,70.42,70.91,9398520.0,70.91,xle
2010-09-03,110.89,110.89,110.89,110.89,156112147.0,110.89,spy
2008-12-18,37.64,37.68,36.32,36.72,15052100.0,36.72,ewj
2010-12-08,122.98,123.38,122.41,123.28,138019177.0,123.28,spy
2015-05-28,50.73,50.97,50.63,50.94,1742063.0,50.94,xlb
2016-03-31,23.87,24.04,23.71,23.71,1627831.0,23.71,ewc
2012-05-22,16.18,16.23,15.99,16.1,1018480.0,16.1,ewh
2007-01-12,50.4,50.43,49.7,50.35,3119800.0,50.35,eww
2009-10-07,20.74,20.81,20.65,20.75,5191138.0,20.75,xlk
2007-11-29,42.54,42.75,42.3,42.45,3671800.0,42.45,xlu
2005-02-02,18.0,18.06,17.95,18.05,126100.0,18.05,ewg
2013-02-08,28.94,29.09,28.92,28.98,967812.0,28.98,ewc
2012-06-01,35.7,35.89,35.48,35.53,1398460.0,35.53,xlv
2003-01-31,18.67,18.99,18.6,18.85,760500.0,18.85,xlb
2006-02-16,23.5,23.73,23.5,23.73,826200.0,23.73,xlp
2016-11-25,82.91,83.07,82.78,82.98,4271318.0,82.98,xly
2004-09-29,27.1,27.18,26.97,27.16,830300.0,27.16,xlb
2015-07-31,211.42,211.45,210.16,210.5,103266857.0,210.5,spy
2007-09-24,34.65,34.65,33.98,34.12,49364600.0,34.12,xlf
2011-06-29,18.21,18.3,18.14,18.25,1890140.0,18.25,ewh
2014-03-03,58.66,59.24,58.61,59.0,8919817.0,59.0,xlv
2016-01-05,49.14,49.39,48.71,48.92,1941349.0,48.92,eww
2001-02-01,29.5,29.64,29.3,29.61,22400.0,29.61,xlv
2012-12-03,130.69,130.8,129.49,129.55,5824740.0,129.55,dia
2003-02-14,9.68,9.68,9.51,9.51,1500.0,9.51,ewc
2015-06-10,24.84,25.14,24.8,25.05,43840870.0,25.05,xlf
2001-06-04,33.85,33.98,33.81,33.85,174000.0,33.85,xle
2000-04-19,144.5,145.12,142.53,143.12,6553700.0,143.12,spy
2004-02-02,38.8,39.08,38.64,38.88,2338650.0,38.88,ewj
2014-12-29,42.16,42.28,42.07,42.11,4638288.0,42.11,xlk
2016-07-07,67.91,68.34,66.35,66.82,14097789.0,66.82,xle
2014-04-11,41.72,41.98,41.6,41.69,17823529.0,41.69,xlu
2016-12-30,198.25,198.27,196.92,197.51,4277422.0,197.51,dia
2004-04-05,26.76,26.76,26.51,26.67,1076400.0,26.67,xlb
2006-11-24,23.33,23.57,23.33,23.54,187600.0,23.54,ewa
2001-06-20,25.58,25.85,25.58,25.62,17200.0,25.62,xlp
2007-04-12,26.85,27.26,26.83,27.26,1163300.0,27.26,ewc
2016-04-05,51.99,52.19,51.5,51.61,2088034.0,51.61,eww
2001-10-12,109.15,109.89,107.3,109.5,31198800.0,109.5,spy
2005-01-07,106.36,106.5,105.63,105.9,8410100.0,105.9,dia
2003-02-24,22.2,22.2,21.54,21.54,32100.0,21.54,xly
2007-02-07,24.35,24.43,24.3,24.39,761300.0,24.39,ewa
2007-12-31,39.54,39.54,39.05,39.16,2346200.0,39.16,xli
2014-11-18,56.2,56.79,56.2,56.65,8658563.0,56.65,xli
2013-05-23,25.74,26.03,25.65,25.92,3319834.0,25.92,ewa
2012-03-09,37.02,37.16,36.82,37.02,2887392.0,37.02,xli
2002-01-09,27.6,27.8,27.2,27.28,180800.0,27.28,xli
2000-02-11,21.75,22.0,21.31,21.5,478200.0,21.5,xlf
2004-07-08,22.78,22.99,22.78,22.86,158000.0,22.86,xlp
2013-05-03,161.14,161.88,159.78,161.37,144202220.0,161.37,spy
2008-06-11,31.3,31.33,30.7,30.7,6243700.0,30.7,xly
2011-03-22,38.43,38.46,38.07,38.28,1868228.0,38.28,xlb
2013-02-15,17.88,17.89,17.7,17.76,63863452.0,17.76,xlf
2011-06-08,120.37,120.83,120.09,120.33,1584200.0,120.33,dia
2009-07-22,28.51,28.61,28.25,28.36,5892900.0,28.36,xlu
2001-04-03,23.55,23.74,22.41,22.58,1083900.0,22.58,xlk
2010-04-12,110.14,110.36,109.98,110.18,4366464.0,110.18,dia
2001-10-19,25.45,25.6,25.25,25.6,25700.0,25.6,xlp
2013-02-13,25.42,25.5,25.29,25.34,2638095.0,25.34,ewg
2007-11-20,42.0,42.57,41.95,42.31,7743200.0,42.31,xlu
2012-04-30,70.73,71.28,70.54,71.17,1377733.0,71.17,xle
2002-03-01,16.19,16.44,16.15,16.44,1339700.0,16.44,eww
2002-06-24,27.8,28.12,27.11,27.92,499800.0,27.92,xly
2015-05-22,57.13,57.19,56.88,56.9,5835258.0,56.9,xli
2001-11-07,10.25,10.25,10.08,10.17,30300.0,10.17,ewc
2016-07-15,216.78,217.01,215.31,215.83,107155401.0,215.83,spy
2010-01-27,40.24,40.44,40.0,40.32,7203654.0,40.32,ewj
2009-07-24,97.2,98.14,96.69,98.06,154003013.0,98.06,spy
2006-06-12,32.91,32.98,32.41,32.43,1521300.0,32.43,xli
2003-01-16,9.74,9.75,9.71,9.75,30800.0,9.75,ewa
2015-04-28,53.24,53.4,53.16,53.28,8443902.0,53.28,ewj
2014-01-22,46.16,46.25,45.63,45.76,5594651.0,45.76,xlb
2006-08-24,113.2,113.34,112.67,112.8,3457100.0,112.8,dia
2001-08-20,24.01,24.33,23.92,24.29,213600.0,24.29,xlk
2014-04-29,93.84,94.66,93.79,93.82,8278002.0,93.82,xle
2001-07-18,26.51,26.68,25.75,25.97,383400.0,25.97,xlk
2009-01-27,9.99,10.1,9.92,10.05,2695405.0,10.05,ewh
2016-07-05,43.24,43.3,43.02,43.15,8680740.0,43.15,xlk
2003-02-27,8.82,9.02,8.82,8.95,28100.0,8.95,ewg
2007-09-20,32.07,32.16,31.87,31.94,856300.0,31.94,ewc
2016-01-29,17.53,17.65,17.48,17.64,3159038.0,17.64,ewa
2010-05-28,101.47,101.47,101.47,101.47,18333915.0,101.47,dia
2000-05-12,9.38,9.62,9.38,9.5,5000.0,9.5,ewa
2000-09-22,28.34,28.38,28.0,28.38,4800.0,28.38,xlv
2002-05-10,23.57,23.68,23.46,23.49,93500.0,23.49,xlb
2009-06-26,16.76,16.9,16.69,16.81,1851373.0,16.81,ewa
2001-05-25,16.85,16.9,16.4,16.8,29300.0,16.8,eww
2015-10-28,44.39,45.22,44.39,45.13,7645518.0,45.13,xlb
2016-09-02,49.76,49.88,49.68,49.84,5544394.0,49.84,ewj
2003-06-13,28.88,29.04,28.68,28.76,669075.0,28.76,ewj
2007-09-12,71.15,72.29,71.15,71.85,24004900.0,71.85,xle
2003-10-09,37.6,37.76,37.36,37.4,1419275.0,37.4,ewj
2010-07-30,20.46,20.83,20.39,20.74,922283.0,20.74,ewg
2001-08-16,29.95,29.95,29.37,29.55,180600.0,29.55,xle
2015-02-27,24.41,24.46,24.33,24.35,23507552.0,24.35,xlf
2010-07-27,22.4,22.45,22.27,22.39,7794178.0,22.39,xlk
2015-03-05,78.45,78.55,78.06,78.18,11244537.0,78.18,xle
2009-10-21,28.32,28.74,27.92,27.99,6993336.0,27.99,xly
2008-05-07,27.55,27.55,26.42,26.53,95699600.0,26.53,xlf
2001-04-11,42.0,42.0,41.04,41.2,104375.0,41.2,ewj
2010-06-09,28.18,28.67,27.87,27.99,30023528.0,27.99,xli
2004-07-15,30.84,30.89,30.65,30.65,151100.0,30.65,xly
2002-09-18,29.8,30.92,29.8,30.72,583100.0,30.72,ewj
2000-01-31,107.14,109.62,107.0,109.5,996600.0,109.5,dia
2010-02-18,110.08,111.14,110.04,110.91,193708529.0,110.91,spy
2002-03-15,115.97,116.95,115.9,116.65,20856900.0,116.65,spy
2011-06-08,33.12,33.24,33.02,33.16,1317906.0,33.16,xlu
2016-07-07,179.15,179.72,178.04,178.79,2343277.0,178.79,dia
2009-05-27,13.76,13.83,13.48,13.58,6006046.0,13.58,ewh
2015-02-03,203.0,204.85,202.55,204.84,124212881.0,204.84,spy
2011-03-09,132.34,132.79,131.6,132.39,31785760.0,132.39,spy
2007-04-05,143.67,144.44,143.61,144.24,44093300.0,144.24,spy
2013-09-23,42.5,42.63,42.28,42.3,6556341.0,42.3,xlb
2004-02-03,10.65,10.8,10.55,10.72,894100.0,10.72,ewh
2003-02-14,77.92,79.65,77.47,79.6,10443500.0,79.6,dia
2010-08-25,51.11,51.4,50.42,51.24,19339377.0,51.24,xle
2005-06-28,18.29,18.47,18.27,18.4,35800.0,18.4,ewc
2016-11-29,24.67,24.96,24.66,24.92,1485617.0,24.92,ewg
2003-10-20,97.52,97.99,97.19,97.97,4166900.0,97.97,dia
2014-06-25,60.46,61.19,60.42,61.15,20099195.0,61.15,xlv
2013-04-17,75.07,75.15,73.52,74.08,20626668.0,74.08,xle
2003-12-11,15.3,15.64,15.3,15.57,100500.0,15.57,ewg
2014-08-04,192.87,194.3,192.05,193.89,91340487.0,193.89,spy
2009-06-26,22.07,22.2,21.91,21.97,11819264.0,21.97,xli
2005-07-11,18.8,19.05,18.78,18.99,230900.0,18.99,ewc
2010-09-10,22.7,22.79,22.59,22.7,3097435.0,22.7,ewa
2013-05-31,28.16,28.16,27.73,27.73,1913327.0,27.73,ewc
2009-05-04,26.6,26.96,26.42,26.93,7614865.0,26.93,xlu
2001-07-27,26.25,26.57,26.13,26.31,367600.0,26.31,xlk
2013-06-18,38.2,38.43,38.02,38.38,11686529.0,38.38,xlu
2005-01-07,16.42,16.52,16.15,16.27,61800.0,16.27,ewc
2007-05-01,63.44,63.86,62.98,63.65,25359600.0,63.65,xle
2013-07-03,160.48,161.77,160.22,161.28,75216341.0,161.28,spy
2009-10-22,39.24,39.76,39.0,39.68,5464303.0,39.68,ewj
2003-02-12,7.49,7.55,7.33,7.38,32400.0,7.38,ewh
2006-09-18,23.5,23.88,23.5,23.84,878500.0,23.84,ewc
2008-02-27,32.67,33.05,32.66,32.9,4007700.0,32.9,xly
2006-07-31,34.01,34.13,33.81,33.84,1628700.0,33.84,xlu
2011-07-18,76.53,76.74,75.99,76.6,4494317.0,76.6,xle
2008-10-30,29.16,29.86,28.62,29.7,10375500.0,29.7,xlu
2016-02-16,17.3,17.36,17.11,17.32,2489395.0,17.32,ewa
2007-03-01,15.31,15.7,15.03,15.47,3750400.0,15.47,ewh
2010-09-08,31.8,32.13,31.79,31.99,4385978.0,31.99,xly
2005-02-02,105.46,106.13,105.35,105.88,4564900.0,105.88,dia
2016-09-16,19.7,19.83,19.69,19.79,1839313.0,19.79,ewa
2001-10-09,23.4,23.52,23.3,23.5,48700.0,23.5,xlv
2002-07-08,98.98,99.7,97.56,98.07,18910200.0,98.07,spy
2000-11-09,19.97,19.97,19.27,19.69,34300.0,19.69,xlb
2001-10-08,12.95,13.2,12.95,13.2,66000.0,13.2,ewg
2007-07-02,150.87,151.92,150.77,151.79,91586600.0,151.79,spy
2012-02-13,32.75,32.79,32.68,32.75,1008287.0,32.75,xlp
2013-05-17,26.06,26.37,26.01,26.29,2274128.0,26.29,ewg
2010-01-04,23.14,23.29,23.1,23.27,8449675.0,23.27,xlk
2003-09-26,93.28,93.74,93.13,93.3,6503700.0,93.3,dia
2014-11-07,24.15,24.21,24.03,24.15,28805567.0,24.15,xlf
2010-04-08,53.9,54.55,53.58,54.29,3996549.0,54.29,eww
2009-09-14,24.7,25.16,24.57,25.16,1643561.0,25.16,ewc
2005-05-02,28.69,28.7,28.3,28.51,7778600.0,28.51,xlf
2003-07-31,25.95,26.03,25.6,25.62,1486100.0,25.62,xlf
2014-01-28,158.47,159.17,158.28,158.94,8324974.0,158.94,dia
2013-11-25,160.81,160.85,160.3,160.61,5118980.0,160.61,dia
2006-12-06,23.85,24.0,23.68,24.0,596800.0,24.0,ewa
2002-01-31,21.18,21.96,21.18,21.92,1334600.0,21.92,xlb
2013-06-21,18.5,18.5,18.09,18.31,8406110.0,18.31,ewh
2012-02-13,35.98,36.16,35.97,36.1,928040.0,36.1,xlv
2011-09-16,28.87,29.03,28.62,28.68,457489.0,28.68,ewc
2003-02-19,9.16,9.21,8.98,9.19,596700.0,9.19,ewa
2000-07-13,0.0,18.69,18.25,18.44,26100.0,18.44,eww
2003-05-28,28.15,28.23,27.9,28.09,92800.0,28.09,xlv
2011-09-02,17.16,17.24,17.03,17.1,1155316.0,17.1,ewh
2004-04-01,10.66,10.73,10.59,10.64,419800.0,10.64,ewh
2002-10-31,24.3,24.47,24.08,24.2,25500.0,24.2,xly
2001-07-12,28.63,28.96,28.63,28.96,3300.0,28.96,xlv
2016-07-11,19.93,20.0,19.88,19.91,2093685.0,19.91,ewa
2016-04-11,205.25,206.07,203.91,204.02,81496090.0,204.02,spy
2008-11-25,87.3,87.51,83.82,85.66,454188290.0,85.66,spy
2001-01-23,14.81,15.0,14.5,14.88,77700.0,14.88,eww
2004-03-15,20.07,20.1,19.73,19.78,706800.0,19.78,xlk
2004-04-27,23.55,23.8,23.51,23.66,660800.0,23.66,xlu
2015-06-22,52.16,52.4,52.16,52.2,5537568.0,52.2,ewj
2000-02-22,102.88,103.47,101.0,102.81,1518800.0,102.81,dia
2002-04-22,30.1,30.1,29.65,29.76,45000.0,29.76,xly
2010-06-30,28.29,28.56,28.14,28.2,9503318.0,28.2,xlv
2014-11-10,48.62,48.8,48.5,48.77,3642964.0,48.77,xlb
2006-03-20,24.14,24.15,23.96,24.1,1032000.0,24.1,xlp
2001-02-07,29.36,29.44,28.91,29.1,254600.0,29.1,xlf
2002-03-13,28.1,28.18,27.96,28.0,18600.0,28.0,xlu
2009-03-25,15.44,15.89,15.4,15.69,645971.0,15.69,ewg
2014-10-02,65.83,66.21,65.04,66.1,7484608.0,66.1,xly
2006-08-23,32.59,32.71,32.31,32.41,1410800.0,32.41,xly
2012-03-05,29.04,29.1,28.73,28.83,1739965.0,28.83,xlk
2007-02-20,27.27,27.27,26.82,27.05,1113900.0,27.05,xlp
2016-02-17,40.88,41.58,40.87,41.35,7494200.0,41.35,xlb
2004-04-28,26.03,26.03,25.35,25.38,2355900.0,25.38,xlb
2004-05-12,22.74,22.74,22.39,22.67,1116500.0,22.67,xlp
2016-12-16,83.34,83.38,82.57,82.69,9868723.0,82.69,xly
2013-01-10,29.61,29.62,29.3,29.55,9735271.0,29.55,xlk
2000-07-28,11.75,13.44,12.94,12.94,57700.0,12.94,ewh
2014-06-04,37.64,37.82,37.54,37.77,3499243.0,37.77,xlk
2006-09-11,129.86,130.69,129.48,130.41,64262600.0,130.41,spy
2001-09-04,27.45,28.01,27.37,27.37,132700.0,27.37,xlv
2014-07-18,22.72,22.93,22.72,22.91,20981313.0,22.91,xlf
2003-10-29,28.05,28.09,27.84,28.02,80900.0,28.02,xlv
2016-03-02,42.39,42.79,42.26,42.7,9064349.0,42.7,xlb
2006-03-31,23.12,23.14,22.95,23.05,546100.0,23.05,ewg
2013-01-30,40.55,40.64,40.2,40.22,6991176.0,40.22,xli
2015-05-28,24.79,24.84,24.67,24.82,17790870.0,24.82,xlf
2015-08-17,174.24,175.73,173.62,175.7,4055384.0,175.7,dia
2015-10-07,68.1,68.94,66.7,68.09,39890712.0,68.09,xle
2008-03-06,30.89,31.31,30.35,30.45,6408200.0,30.45,xly
2006-03-16,20.07,20.07,19.92,19.95,121600.0,19.95,ewa
2006-09-27,33.9,34.46,33.9,34.44,3766100.0,34.44,xlu
2011-06-22,38.98,39.12,38.72,38.73,1464673.0,38.73,xly
2008-10-14,24.85,24.85,22.17,23.14,11239200.0,23.14,xly
2004-06-25,114.41,114.94,113.68,113.77,29045700.0,113.77,spy
2013-02-22,139.24,139.83,138.86,139.81,4158936.0,139.81,dia
2007-04-30,37.93,38.0,37.2,37.2,1661100.0,37.2,xli
2000-02-09,26.73,26.73,26.38,26.47,58400.0,26.47,xli
2007-05-31,38.11,38.15,37.8,37.9,9045400.0,37.9,xlf
2000-06-21,22.94,24.75,24.44,24.75,32900.0,24.75,ewg
2007-03-13,51.13,51.41,49.57,49.6,3764400.0,49.6,eww
2006-11-10,47.19,47.23,46.65,47.09,1404800.0,47.09,eww
2010-06-02,29.01,29.69,28.91,29.69,20844003.0,29.69,xli
2001-01-24,106.53,106.97,106.22,106.34,634300.0,106.34,dia
2008-07-30,37.75,38.49,37.7,38.49,5311800.0,38.49,xlu
2016-10-21,70.19,70.31,69.78,70.19,14238481.0,70.19,xle
2015-06-23,59.05,59.27,59.05,59.22,1035942.0,59.22,eww
2006-09-12,34.16,34.55,33.9,34.05,10129500.0,34.05,xlu
2000-07-27,145.94,146.62,144.69,145.38,7652600.0,145.38,spy
2008-04-28,28.02,28.15,28.0,28.04,3097100.0,28.04,xlp
2015-05-18,74.21,74.79,74.17,74.7,6792243.0,74.7,xlv
2007-08-08,34.19,35.19,34.02,34.75,93171200.0,34.75,xlf
2002-09-03,22.4,23.49,21.85,22.0,88900.0,22.0,xle
2002-01-03,15.33,15.84,15.33,15.84,165900.0,15.84,eww
2015-09-02,26.03,26.06,25.81,26.05,4485524.0,26.05,ewg
2016-07-15,23.65,23.67,23.37,23.52,50943055.0,23.52,xlf
2009-07-13,20.07,20.6,19.72,20.53,2025408.0,20.53,ewc
2003-03-31,18.35,18.71,18.17,18.57,94500.0,18.57,xlp
2012-09-17,29.38,29.43,29.1,29.17,373941.0,29.17,ewc
2010-07-06,97.99,98.62,96.61,97.45,10252502.0,97.45,dia
2009-09-01,23.76,24.0,23.11,23.17,2202338.0,23.17,ewc
2014-08-29,40.17,40.29,40.06,40.28,7684232.0,40.28,xlk
2004-01-16,30.3,30.48,30.3,30.46,186400.0,30.46,xlv
2003-03-27,19.64,19.85,19.42,19.84,825600.0,19.84,xli
2015-09-01,50.21,50.78,49.68,49.93,14266460.0,49.93,xli
2007-01-31,125.19,126.49,125.13,126.24,9622000.0,126.24,dia
2007-10-18,35.23,35.86,35.23,35.63,1320100.0,35.63,xlv
2010-08-26,51.53,51.7,50.5,50.78,10982634.0,50.78,xle
2006-05-12,41.85,42.34,40.26,41.2,959200.0,41.2,eww
2011-09-14,16.4,16.56,16.15,16.44,1717356.0,16.44,ewh
2000-03-07,19.2,19.2,18.34,18.72,224100.0,18.72,xlp
2010-09-10,21.75,21.77,21.6,21.74,8150288.0,21.74,xlk
2000-07-28,27.94,27.94,27.59,27.59,11500.0,27.59,xlu
2012-10-04,36.86,37.14,36.75,37.02,1068687.0,37.02,xlb
2016-12-15,69.66,69.9,69.41,69.83,8210088.0,69.83,xlv
2015-09-28,162.04,162.06,159.58,159.79,10002979.0,159.79,dia
2010-03-25,23.22,23.38,23.06,23.11,8332094.0,23.11,xlk
2014-08-19,22.88,22.93,22.85,22.87,20205407.0,22.87,xlf
2014-03-24,30.61,30.63,30.12,30.38,3006349.0,30.38,ewg
2009-02-02,79.14,79.92,78.65,79.32,22970499.0,79.32,dia
2008-03-10,35.57,35.71,34.89,34.99,5619300.0,34.99,xli
2008-03-17,30.2,30.56,29.61,30.13,1495000.0,30.13,ewc
2009-08-04,51.66,52.1,51.29,51.83,14419388.0,51.83,xle
2003-04-08,88.84,88.84,87.71,88.19,38616400.0,88.19,spy
2009-09-15,15.27,15.39,15.2,15.38,6241290.0,15.38,ewh
2001-08-31,28.66,28.95,28.54,28.73,76200.0,28.73,xle
2000-09-28,0.0,15.62,15.25,15.62,13000.0,15.62,eww
2000-06-09,0.0,15.75,15.44,15.44,7100.0,15.44,eww
2003-12-30,31.4,31.4,31.2,31.26,39200.0,31.26,xly
2011-01-21,32.18,32.18,31.88,31.95,7604984.0,31.95,xlu
2013-08-21,19.86,20.03,19.72,19.81,46788185.0,19.81,xlf
2005-05-31,29.39,29.39,29.21,29.28,3274400.0,29.28,xlf
2012-03-19,34.73,34.87,34.54,34.54,1022071.0,34.54,xlu
2014-09-25,20.98,20.98,20.78,20.86,4118212.0,20.86,ewh
2010-10-20,19.02,19.24,18.98,19.18,9717639.0,19.18,ewh
2000-03-28,28.19,28.34,27.81,28.0,69300.0,28.0,xle
2013-09-09,41.2,41.74,41.19,41.69,5438198.0,41.69,xlb
2006-05-15,34.05,34.2,33.89,34.18,1208300.0,34.18,xly
2006-07-06,127.2,127.85,127.08,127.44,47904600.0,127.44,spy
2011-03-17,59.35,59.37,58.52,58.58,1362969.0,58.58,eww
2010-06-24,26.58,26.58,26.13,26.2,3619687.0,26.2,ewc
2015-08-31,198.11,199.12,197.01,197.54,154776440.0,197.54,spy
2003-11-10,27.18,27.18,27.0,27.13,2739200.0,27.13,xlf
2005-11-01,20.38,20.43,20.32,20.38,1507600.0,20.38,xlk
2016-08-12,81.87,82.2,81.42,82.0,2456627.0,82.0,xly
2013-05-07,40.04,40.37,39.9,40.31,6082445.0,40.31,xlb
2013-07-12,65.37,65.67,64.83,65.13,3287116.0,65.13,eww
2012-08-01,69.91,70.33,69.17,69.92,2867360.0,69.92,xle
2004-08-06,26.9,27.1,26.67,26.71,1970500.0,26.71,xli
2002-09-16,83.05,84.22,82.75,84.15,5939100.0,84.15,dia
2007-08-28,27.38,27.5,26.61,26.83,973900.0,26.83,ewa
2001-07-11,24.6,24.6,24.19,24.27,65600.0,24.27,xlp
2011-12-15,36.52,36.56,36.22,36.28,952443.0,36.28,ewj
2009-04-27,18.62,18.83,18.45,18.45,2004004.0,18.45,ewc
2002-04-03,21.2,21.44,20.73,20.94,739900.0,20.94,xlk
2011-05-02,19.42,19.57,19.4,19.41,1385564.0,19.41,ewh
2007-10-05,27.96,28.02,27.87,28.0,3703700.0,28.0,xlp
2014-04-30,52.69,53.1,52.58,53.03,13299643.0,53.03,xli
2015-02-25,46.3,46.34,45.53,45.58,11891939.0,45.58,xlu
2007-10-19,32.96,32.96,31.83,31.83,1738500.0,31.83,ewa
2015-07-17,43.15,43.44,43.09,43.44,7775002.0,43.44,xlk
2016-08-25,73.21,73.51,72.47,72.79,8766486.0,72.79,xlv
2002-09-20,79.99,81.25,79.2,79.67,9292300.0,79.67,dia
2009-04-06,19.66,20.09,19.44,19.92,7783274.0,19.92,xli
2006-05-30,127.97,128.0,126.05,126.1,66418200.0,126.1,spy
2009-02-23,25.79,26.07,25.22,25.35,8094039.0,25.35,xlv
2006-02-17,53.71,53.98,52.7,53.01,21235500.0,53.01,xle
2015-10-02,22.18,22.7,21.98,22.7,61083801.0,22.7,xlf
2011-06-15,35.05,35.23,34.72,34.8,3560811.0,34.8,xlv
2012-06-29,37.71,38.03,37.68,38.0,2031334.0,38.0,xlv
2016-04-26,52.43,52.48,52.02,52.11,10814151.0,52.11,xlp
2010-11-12,35.91,36.05,35.21,35.51,17476652.0,35.51,xlb
2009-01-22,15.01,15.51,15.01,15.32,552839.0,15.32,ewg
2006-04-17,33.65,33.65,33.29,33.43,525300.0,33.43,xly
2002-02-27,8.9,8.9,8.73,8.81,35400.0,8.81,ewh
2002-03-04,27.35,27.6,27.2,27.6,680800.0,27.6,xle
2014-11-19,21.41,21.52,21.39,21.47,1519573.0,21.47,ewh
2015-08-03,50.3,50.43,50.16,50.38,6961369.0,50.38,xlp
2014-01-29,22.92,23.15,22.92,22.94,2074376.0,22.94,ewa
2007-02-14,16.65,16.82,16.59,16.79,1980100.0,16.79,ewh
2011-04-15,131.78,132.37,131.41,132.12,33790732.0,132.12,spy
2003-05-13,20.5,20.54,20.33,20.42,83600.0,20.42,xlb
2006-06-22,30.84,30.9,30.51,30.68,3054900.0,30.68,xlb
2011-03-18,38.19,38.19,37.64,37.73,3911046.0,37.73,xlb
2001-11-23,26.15,26.5,26.15,26.35,59300.0,26.35,xlv
2007-10-19,63.25,63.34,60.96,61.2,5339100.0,61.2,eww
2010-11-03,28.9,28.92,28.67,28.91,8917168.0,28.91,xlp
2013-04-11,40.16,40.26,40.06,40.16,7591963.0,40.16,xlu
2003-07-24,23.55,23.66,23.16,23.22,202000.0,23.22,xle
2001-08-24,9.05,9.18,9.02,9.18,15300.0,9.18,ewh
2015-10-06,68.25,68.45,65.91,66.86,30360677.0,66.86,xlv
2016-08-04,49.8,49.94,49.48,49.61,1916573.0,49.61,eww
2002-11-12,27.39,27.58,27.24,27.41,68900.0,27.41,xlv
2016-11-15,25.24,25.37,25.21,25.36,3364955.0,25.36,ewg
2011-11-15,23.16,23.41,23.01,23.29,402890.0,23.29,ewa
2002-04-03,29.25,29.25,28.7,28.77,22800.0,28.77,xlv
2004-05-19,15.02,15.23,14.85,14.85,104200.0,14.85,ewg
2000-12-28,44.25,44.5,44.0,44.5,59200.0,44.5,ewj
2015-04-14,179.58,180.54,178.8,180.18,4811404.0,180.18,dia
2009-03-05,9.23,9.36,9.08,9.2,4634720.0,9.2,ewh
2003-05-16,7.31,7.32,7.22,7.29,306700.0,7.29,ewh
2006-04-19,30.67,31.0,30.67,30.89,2467400.0,30.89,xlu
2008-03-24,31.43,31.7,31.23,31.58,2449700.0,31.58,xlv
2001-07-20,29.5,29.73,29.37,29.66,911800.0,29.66,xle
2000-05-01,22.08,22.38,22.0,22.25,21100.0,22.25,xlb
2007-05-21,42.82,42.89,42.71,42.77,3117500.0,42.77,xlu
2015-12-08,206.49,208.29,205.78,206.95,103372367.0,206.95,spy
2010-02-01,14.82,15.04,14.82,15.01,10497543.0,15.01,ewh
2013-02-05,26.06,26.2,26.04,26.13,1479953.0,26.13,ewa
2010-11-12,23.89,24.05,23.67,23.77,3889703.0,23.77,ewg
2013-09-04,24.32,24.6,24.29,24.51,1994433.0,24.51,ewa
2010-10-15,34.76,34.77,34.13,34.59,12297545.0,34.59,xlb
2006-08-11,31.28,31.49,31.12,31.23,1117600.0,31.23,xli
2006-02-22,13.1,13.25,13.1,13.16,887000.0,13.16,ewh
2012-11-30,23.51,23.61,23.47,23.52,1566371.0,23.52,ewg
2005-05-23,32.8,33.18,32.8,33.08,306100.0,33.08,xly
2007-03-21,27.99,29.0,27.87,28.55,389100.0,28.55,ewg
2011-08-15,31.64,31.94,31.53,31.87,13442688.0,31.87,xli
2014-07-11,99.04,99.06,98.14,98.4,10805839.0,98.4,xle
2008-08-14,23.42,23.75,23.28,23.62,6263700.0,23.62,xlk
2003-10-13,15.7,15.7,15.52,15.6,59800.0,15.6,eww
2006-06-02,38.2,38.25,37.26,37.8,2138600.0,37.8,eww
2012-09-21,47.77,47.83,47.47,47.47,1310232.0,47.47,xly
2009-06-15,25.36,25.56,24.84,24.84,15870452.0,24.84,xlv
2013-05-10,27.17,27.25,27.06,27.23,1848130.0,27.23,ewa
2007-06-06,38.96,39.01,38.63,38.75,6073100.0,38.75,xli
2007-07-03,39.57,39.66,39.5,39.6,1659100.0,39.6,xli
2000-08-18,9.31,10.75,10.56,10.75,9100.0,10.75,ewa
2007-02-14,37.57,37.75,37.47,37.72,5216600.0,37.72,xlb
2000-03-17,26.94,28.06,26.94,28.0,116800.0,28.0,ewg
2014-10-08,86.87,88.05,85.47,87.97,35989957.0,87.97,xle
2008-05-09,25.83,26.42,25.77,25.95,12824000.0,25.95,xlf
2016-02-26,67.73,68.0,67.24,67.3,10365818.0,67.3,xlv
2013-07-05,19.69,19.82,19.56,19.82,37842947.0,19.82,xlf
2009-12-22,21.91,21.94,21.74,21.78,5411909.0,21.78,ewa
2002-04-11,19.95,20.0,19.39,19.47,699600.0,19.47,xlk
2001-02-09,14.65,14.9,14.6,14.8,75300.0,14.8,eww
2003-03-24,9.86,10.09,9.75,9.86,36800.0,9.86,ewc
2010-06-16,51.72,52.25,51.43,52.14,3559700.0,52.14,eww
2012-11-21,70.45,70.7,70.16,70.61,5868409.0,70.61,xle
2000-07-18,9.31,10.5,10.38,10.38,10300.0,10.38,ewa
2003-12-31,31.42,31.57,31.28,31.49,144500.0,31.49,xly
2003-09-09,29.0,29.02,28.59,28.63,85300.0,28.63,xly
2005-07-26,19.12,19.2,18.98,19.04,134100.0,19.04,ewc
2016-11-21,72.13,72.9,72.13,72.82,16875395.0,72.82,xle
2010-10-11,110.29,110.4,109.88,110.26,3527533.0,110.26,dia
2015-10-16,23.48,23.59,23.43,23.55,29587596.0,23.55,xlf
2011-11-10,124.8,124.93,123.02,124.32,45816627.0,124.32,spy
2001-03-01,11.9,11.9,11.7,11.8,4600.0,11.8,ewc
2015-05-28,75.07,75.34,74.77,75.13,5766396.0,75.13,xlv
2016-08-09,25.91,26.36,25.91,26.27,3904363.0,26.27,ewg
2010-08-27,105.89,106.97,104.31,106.86,272704063.0,106.86,spy
2003-08-14,20.82,20.99,20.71,20.8,155200.0,20.8,xlu
2006-12-12,37.04,37.14,36.89,37.11,2836300.0,37.11,xlu
2016-11-21,48.39,48.91,48.39,48.89,3799109.0,48.89,xlb
2013-11-12,29.21,29.3,29.11,29.19,2841398.0,29.19,ewg
2010-04-19,16.24,16.34,16.15,16.29,8460807.0,16.29,ewh
2014-02-07,19.1,19.23,19.07,19.18,2816834.0,19.18,ewh
2015-08-24,48.12,49.81,46.34,48.91,10010181.0,48.91,eww
2001-12-07,27.6,27.85,27.5,27.7,13300.0,27.7,xlu
2005-06-06,30.21,30.28,30.12,30.24,567800.0,30.24,xli
2011-10-07,117.16,117.24,115.06,115.75,76608699.0,115.75,spy
2015-04-30,51.84,52.0,51.4,51.44,20821326.0,51.44,ewj
2003-11-03,30.3,30.44,30.21,30.32,64800.0,30.32,xly
2013-06-13,64.27,65.5,64.27,65.48,3444120.0,65.48,eww
2013-10-16,32.5,32.72,32.48,32.67,8192168.0,32.67,xlk
2009-07-17,23.91,23.96,23.8,23.93,3502117.0,23.93,xlp
2003-07-28,27.85,27.94,27.7,27.89,81500.0,27.89,xly
2000-08-25,31.53,31.56,31.34,31.41,202400.0,31.41,xli
2012-10-01,15.71,15.84,15.62,15.65,14012549.0,15.65,xlf
2010-06-23,30.41,30.63,29.92,30.43,10839188.0,30.43,xlb
2007-02-14,126.78,127.83,126.7,127.48,7309000.0,127.48,dia
2001-08-30,27.93,27.93,27.16,27.23,22500.0,27.23,xlv
2001-05-15,10.74,10.85,10.71,10.8,13900.0,10.8,ewh
2015-05-05,180.23,180.59,178.78,179.01,5316273.0,179.01,dia
2013-06-20,39.65,39.85,39.08,39.22,13191977.0,39.22,xlb
2008-06-02,32.04,32.12,31.59,31.7,1516000.0,31.7,xlv
2002-07-22,21.45,21.5,20.0,20.09,5281200.0,20.09,xle
2014-07-01,38.49,38.86,38.46,38.74,7488882.0,38.74,xlk
2000-07-14,9.31,10.62,10.44,10.56,8200.0,10.56,ewa
2000-04-03,13.38,13.38,13.12,13.25,58800.0,13.25,ewh
2011-08-24,116.18,118.24,115.92,118.13,45888408.0,118.13,spy
2011-02-14,25.77,25.91,25.73,25.91,545853.0,25.91,ewg
2007-02-01,58.0,58.28,57.8,58.0,3533975.0,58.0,ewj
2007-03-26,36.15,36.3,35.76,36.02,16656600.0,36.02,xlf
2001-01-11,9.5,9.75,9.5,9.75,12700.0,9.75,ewa
2001-05-21,17.39,17.55,17.28,17.55,46400.0,17.55,ewg
2002-07-31,9.25,9.42,9.21,9.26,14400.0,9.26,ewc
2001-08-02,106.25,106.25,105.23,105.6,1674900.0,105.6,dia
2003-12-30,13.14,13.25,13.13,13.24,115800.0,13.24,ewa
2011-03-30,18.77,18.93,18.77,18.9,837470.0,18.9,ewh
2000-10-16,29.91,30.31,29.84,30.12,3600.0,30.12,xli
2009-05-04,17.6,17.83,17.5,17.8,4554313.0,17.8,xlk
2008-03-28,40.69,40.71,40.06,40.29,9004000.0,40.29,xlb
2016-05-31,79.44,79.49,78.93,79.24,4162968.0,79.24,xly
2013-08-14,19.77,19.83,19.72,19.75,5121146.0,19.75,ewh
2007-12-05,39.54,39.56,39.24,39.55,2815400.0,39.55,xli
2001-02-22,29.7,29.78,29.45,29.54,46100.0,29.54,xli
2013-01-03,25.5,25.55,25.34,25.37,2104260.0,25.37,ewa
2008-12-08,23.55,23.95,22.9,23.25,17034312.0,23.25,xli
2012-09-25,31.38,31.41,30.86,30.9,1526262.0,30.9,xlk
2002-05-30,29.52,29.78,29.38,29.6,41300.0,29.6,xlv
2002-02-19,16.05,16.05,15.8,15.8,49500.0,15.8,eww
2001-04-11,118.78,118.99,116.14,116.73,12557000.0,116.73,spy
2000-10-31,108.92,109.92,107.84,109.41,4993400.0,109.41,dia
2009-01-30,11.91,11.95,11.48,11.61,2481416.0,11.61,ewa
2011-05-19,19.29,19.34,19.17,19.3,976481.0,19.3,ewh
2013-10-25,29.24,29.33,29.15,29.32,780911.0,29.32,ewc
2001-12-19,10.65,10.85,10.65,10.79,7600.0,10.79,ewc
2004-03-16,22.49,22.56,22.27,22.44,600900.0,22.44,xlp
2010-06-15,29.38,30.07,29.31,30.02,17459660.0,30.02,xli
2005-12-15,23.8,24.03,23.8,23.94,1619400.0,23.94,xlp
2011-01-14,38.8,38.8,38.8,38.8,7299708.0,38.8,xlb
2002-10-29,14.44,14.6,13.91,14.26,1151800.0,14.26,xlk
2016-03-24,202.0,203.16,201.74,203.12,83607327.0,203.12,spy
2004-10-28,16.41,16.45,16.32,16.37,123100.0,16.37,ewg
2002-08-16,93.02,94.08,92.0,93.22,35406800.0,93.22,spy
2010-10-12,22.63,22.83,22.37,22.76,1425573.0,22.76,ewg
2005-08-15,20.24,20.24,20.05,20.18,417200.0,20.18,ewc
2010-03-15,15.45,15.57,15.37,15.54,70248453.0,15.54,xlf
2009-06-05,37.48,37.52,37.0,37.12,5733160.0,37.12,ewj
2007-01-23,24.1,24.26,24.03,24.26,814400.0,24.26,ewa
2003-09-12,24.07,24.15,23.8,24.06,1639700.0,24.06,xli
2002-06-11,26.05,26.11,25.5,25.51,125300.0,25.51,xle
2016-08-10,48.81,48.95,48.66,48.73,2255744.0,48.73,xlb
2015-06-16,49.79,50.18,49.76,50.15,2145197.0,50.15,xlb
2015-07-15,21.1,21.14,20.84,20.9,1269295.0,20.9,ewa
2010-12-20,24.12,24.12,23.86,23.96,856923.0,23.96,ewg
2016-07-11,47.16,47.6,47.16,47.4,12156412.0,47.4,ewj
2008-10-30,95.78,96.54,92.9,96.3,91817800.0,96.3,spy
2014-07-03,67.75,68.13,67.69,68.07,1747361.0,68.07,xly
2011-08-18,66.08,66.36,63.67,64.42,8860522.0,64.42,xle
2013-03-25,52.74,52.95,52.28,52.53,4548837.0,52.53,xly
2007-04-24,27.28,27.46,27.12,27.2,1455300.0,27.2,ewa
2012-09-19,37.83,38.02,37.72,37.87,746557.0,37.87,xlb
2015-11-09,26.72,26.73,26.37,26.48,3752507.0,26.48,ewg
2000-06-12,22.94,25.75,25.25,25.62,80200.0,25.62,ewg
2001-11-23,13.67,13.75,13.53,13.56,7000.0,13.56,eww
2011-10-11,19.79,20.15,19.74,20.12,741681.0,20.12,ewg
2005-09-26,31.7,31.98,31.6,31.86,369400.0,31.86,eww
2010-07-14,28.95,29.23,28.81,29.05,15997564.0,29.05,xli
2004-04-16,30.45,30.54,30.25,30.54,732200.0,30.54,xle
2006-09-22,34.41,34.41,34.13,34.38,2897100.0,34.38,xly
2014-03-12,60.05,60.46,59.77,60.35,2581138.0,60.35,eww
2010-03-23,27.9,28.17,27.88,28.13,5327371.0,28.13,xlp
2010-03-22,23.47,23.96,23.46,23.91,5939087.0,23.91,ewa
2011-01-11,29.13,29.14,28.97,29.03,3442072.0,29.03,xlp
2001-01-11,31.44,32.0,31.44,31.72,48600.0,31.72,xle
2014-01-09,164.95,164.99,163.52,164.19,8218113.0,164.19,dia
2013-07-11,18.95,19.09,18.89,19.09,2522932.0,19.09,ewh
2009-03-31,25.36,26.03,25.25,25.55,7701652.0,25.55,xlu
2004-11-19,105.66,105.7,104.29,104.57,6784100.0,104.57,dia
2010-10-12,18.94,19.0,18.85,18.94,4946193.0,18.94,ewh
2008-12-17,13.84,14.34,13.81,14.1,2824763.0,14.1,ewa
2010-11-01,28.88,28.9,28.56,28.65,7641392.0,28.65,xlp
2004-05-17,23.9,24.19,23.79,23.87,8442600.0,23.87,xlb
2012-02-17,33.17,33.19,33.0,33.06,602293.0,33.06,xlp
2008-10-30,30.86,31.56,30.4,31.56,4538100.0,31.56,eww
2003-10-15,98.68,98.97,97.85,98.22,4642600.0,98.22,dia
2012-05-08,129.17,129.33,127.92,129.08,1554170.0,129.08,dia
2004-12-14,23.6,24.01,23.54,24.0,152100.0,24.0,eww
2009-07-22,19.27,19.45,19.23,19.39,7262237.0,19.39,xlk
2013-04-15,30.26,30.32,29.87,29.87,16423338.0,29.87,xlk
2012-03-20,33.5,33.66,33.45,33.6,722292.0,33.6,xlp
2010-10-19,31.98,32.21,31.85,31.96,8429622.0,31.96,xlu
2006-08-10,34.04,34.06,33.82,33.95,2890800.0,33.95,xlu
2004-09-13,15.6,15.75,15.58,15.62,123900.0,15.62,ewg
2001-11-29,27.01,27.19,26.85,27.19,16500.0,27.19,xly
2012-10-10,36.11,36.22,35.88,35.9,1200279.0,35.9,xlp
2007-11-21,20.62,20.68,20.11,20.26,7840000.0,20.26,ewh
2008-07-03,22.55,22.62,22.23,22.44,4288100.0,22.44,xlk
2010-06-11,28.93,29.25,28.87,29.22,6026032.0,29.22,xlu
2011-09-13,65.5,65.83,64.2,65.32,6388001.0,65.32,xle
2002-05-10,18.65,18.71,17.89,18.0,847700.0,18.0,xlk
2003-02-05,18.82,19.11,18.75,18.77,20800.0,18.77,xlb
2003-09-17,11.62,11.72,11.56,11.65,28300.0,11.65,ewa
2010-12-29,61.32,61.53,61.07,61.26,1308780.0,61.26,eww
2013-05-14,80.33,81.4,80.28,81.4,9600294.0,81.4,xle
2008-08-08,21.06,22.13,21.03,21.87,74270800.0,21.87,xlf
2008-04-15,123.75,123.84,122.7,123.56,12226500.0,123.56,dia
2007-10-10,37.9,37.98,37.73,37.8,2134500.0,37.8,xly
2014-02-13,45.16,45.84,45.12,45.72,14719801.0,45.72,ewj
2007-05-02,27.68,28.0,27.5,27.96,448800.0,27.96,ewc
2013-12-27,164.76,164.92,164.22,164.47,6177212.0,164.47,dia
2011-07-14,31.43,31.49,31.21,31.27,1862259.0,31.27,xlp
2016-01-27,17.27,17.43,16.95,17.09,3612371.0,17.09,ewa
2008-12-03,15.5,16.03,15.33,15.98,2476578.0,15.98,ewc
2000-04-11,22.56,22.88,22.34,22.75,60900.0,22.75,xlp
2007-07-23,40.87,41.11,40.67,40.74,4779700.0,40.74,xlu
2005-01-13,30.25,30.25,29.8,29.89,318600.0,29.89,xli
2001-08-13,104.2,104.55,103.75,104.19,2793100.0,104.19,dia
2001-04-06,26.5,26.52,26.07,26.36,19200.0,26.36,xli
2010-02-22,29.0,29.02,28.81,28.88,7382682.0,28.88,xli
2005-04-18,100.62,101.01,100.11,100.55,12809900.0,100.55,dia
2002-03-22,27.39,27.53,26.98,27.23,91000.0,27.23,xli
2006-07-27,22.77,22.77,22.44,22.45,341800.0,22.45,ewg
2004-05-13,30.35,30.46,30.18,30.4,494500.0,30.4,xly
2016-04-26,47.47,47.71,47.38,47.51,13021792.0,47.51,xlu
2003-10-14,13.13,13.24,13.07,13.23,8288000.0,13.23,ewc
2003-11-28,30.45,30.45,30.35,30.36,31800.0,30.36,xly
2007-09-18,148.83,152.5,148.13,152.46,36508100.0,152.46,spy
2011-02-25,25.48,25.6,25.45,25.55,369606.0,25.55,ewg
2011-12-05,56.1,56.24,55.43,55.92,980371.0,55.92,eww
2014-08-01,41.12,41.73,41.02,41.41,15537703.0,41.41,xlu
2006-09-22,20.82,20.82,20.52,20.58,873900.0,20.58,ewa
2008-10-28,9.46,10.21,9.13,10.19,9195300.0,10.19,ewh
2014-03-13,36.44,36.45,35.72,35.85,9397387.0,35.85,xlk
2010-08-13,21.01,21.18,20.98,21.0,2504321.0,21.0,ewa
2014-10-22,24.58,24.7,24.47,24.52,2147382.0,24.52,ewa
2016-09-28,215.83,216.82,214.71,216.64,87411015.0,216.64,spy
2012-05-30,33.97,34.01,33.79,33.85,671021.0,33.85,xlp
2003-06-23,99.45,99.64,97.92,98.42,33797300.0,98.42,spy
2011-09-14,65.77,67.12,64.48,66.21,5938886.0,66.21,xle
2014-03-04,87.85,88.3,87.51,88.04,10524448.0,88.04,xle
2005-10-21,22.95,22.99,22.77,22.87,623600.0,22.87,xlp
2013-09-30,50.34,50.74,50.27,50.59,8585273.0,50.59,xlv
2010-11-05,114.45,114.63,114.05,114.54,6348557.0,114.54,dia
2016-10-18,20.99,20.99,20.86,20.9,1354057.0,20.9,ewa
2014-07-30,48.76,48.92,48.64,48.72,3302402.0,48.72,ewj
2002-06-18,25.64,25.83,25.5,25.76,31000.0,25.76,xlu
2000-12-11,28.94,29.34,28.78,29.11,760800.0,29.11,xlf
2010-11-02,119.42,119.75,119.1,119.48,158345856.0,119.48,spy
2009-09-10,25.1,25.26,25.09,25.22,5524926.0,25.22,xlp
2015-07-10,73.53,73.99,73.13,73.49,13250366.0,73.49,xle
2014-06-11,42.64,42.64,42.13,42.15,10302272.0,42.15,xlu
2015-08-25,47.71,47.71,45.65,45.7,35710728.0,45.7,xlp
2004-10-21,27.5,27.5,27.07,27.24,316000.0,27.24,xlv
2007-05-29,38.25,38.75,38.25,38.75,5104300.0,38.75,xli
2001-05-23,29.18,29.18,28.81,28.96,824600.0,28.96,xlf
2011-11-30,55.15,55.47,54.44,55.03,1692218.0,55.03,eww
2009-10-29,44.3,45.46,44.03,45.3,4055759.0,45.3,eww
2013-01-24,20.38,20.39,20.28,20.29,2883030.0,20.29,ewh
2006-03-13,111.04,111.31,110.67,111.01,5618800.0,111.01,dia
2006-06-09,20.25,20.39,20.11,20.17,604700.0,20.17,ewa
2005-05-25,23.5,23.5,23.33,23.44,388700.0,23.44,xlp
2001-09-04,113.85,116.17,113.37,113.42,24097200.0,113.42,spy
2005-03-24,42.3,42.67,41.63,42.03,10879200.0,42.03,xle
2002-01-14,15.18,15.29,14.98,14.98,37500.0,14.98,eww
2001-06-11,42.44,42.44,41.8,42.0,70775.0,42.0,ewj
2005-10-17,20.17,20.26,20.08,20.21,233200.0,20.21,ewc
2001-02-09,30.65,30.67,30.1,30.12,7100.0,30.12,xli
2006-11-20,25.93,26.02,25.84,25.99,306600.0,25.99,ewg
2008-04-02,41.29,41.83,40.88,41.75,11993800.0,41.75,xlb
2007-02-02,27.74,27.76,27.6,27.74,1451400.0,27.74,ewg
2000-07-27,28.52,29.66,28.52,29.59,156200.0,29.59,xle
2004-04-19,23.4,23.53,23.35,23.36,263800.0,23.36,xlu
2007-10-15,22.3,22.34,21.51,21.75,7684200.0,21.75,ewh
2015-09-22,22.58,22.71,22.46,22.63,52720883.0,22.63,xlf
2013-01-14,49.01,49.14,48.8,48.99,5376876.0,48.99,xly
2005-02-07,30.3,30.52,30.3,30.43,276400.0,30.43,xli
2012-12-06,130.34,130.8,130.09,130.74,4129400.0,130.74,dia
2004-04-05,22.78,22.95,22.78,22.9,148600.0,22.9,xlp
2011-06-09,31.18,31.49,31.07,31.39,421447.0,31.39,ewc
2004-09-10,28.05,28.44,28.05,28.36,925000.0,28.36,xli
2016-02-18,58.15,58.24,56.66,56.94,28705235.0,56.94,xle
2011-12-15,33.53,33.79,33.53,33.71,1385299.0,33.71,xlv
2001-05-15,28.25,28.8,27.85,28.05,625200.0,28.05,xlk
2005-11-29,21.8,21.96,21.76,21.78,1770800.0,21.78,xlk
2016-06-17,66.9,67.02,66.5,66.89,17435936.0,66.89,xle
2016-05-09,23.09,23.2,22.98,23.07,25907096.0,23.07,xlf
2001-07-13,15.75,15.75,15.35,15.45,12600.0,15.45,eww
2014-09-29,44.83,45.15,44.8,45.09,11255763.0,45.09,xlp
2001-04-09,23.65,23.99,22.9,23.41,1459000.0,23.41,xlk
2005-04-18,18.55,18.65,18.47,18.49,2042500.0,18.49,xlk
2011-11-15,37.08,37.32,36.92,37.12,770789.0,37.12,ewj
2009-09-25,25.32,25.39,25.19,25.24,4412954.0,25.24,xlp
2016-01-08,46.24,46.83,45.34,45.37,2977821.0,45.37,eww
2008-12-18,23.74,23.98,23.38,23.62,7119976.0,23.62,xlp
2012-05-07,27.0,27.22,26.94,27.2,359075.0,27.2,ewc
2011-05-16,26.32,26.46,26.03,26.08,4914657.0,26.08,xlk
2010-08-13,16.24,16.28,16.19,16.25,4220257.0,16.25,ewh
2015-12-09,19.88,20.08,19.82,19.9,6168557.0,19.9,ewh
2009-01-23,80.9,83.99,80.57,83.11,386800533.0,83.11,spy
2008-09-11,111.78,114.86,111.22,114.86,33572200.0,114.86,dia
2001-02-26,26.0,26.53,25.95,26.53,63500.0,26.53,xlp
2015-02-09,204.77,205.64,204.14,204.63,87219016.0,204.63,spy
2004-12-31,30.35,30.35,30.18,30.19,236300.0,30.19,xlv
2009-05-14,12.48,12.63,12.12,12.49,4192739.0,12.49,ewh
2000-12-05,27.09,27.84,27.09,27.72,14600.0,27.72,xlv
2016-03-09,22.8,23.2,22.8,23.1,4000535.0,23.1,ewc
2006-06-15,30.13,30.59,30.08,30.46,970500.0,30.46,xlv
2002-04-19,113.2,113.24,112.56,112.88,10076600.0,112.88,spy
2000-10-23,27.94,28.19,27.84,28.09,4000.0,28.09,xlv
2016-03-15,22.97,22.99,22.73,22.99,2628948.0,22.99,ewc
2000-05-18,28.38,28.66,28.23,28.38,12000.0,28.38,xlu
2007-07-17,41.08,41.44,40.99,41.22,4135100.0,41.22,xli
2000-01-13,10.88,11.0,10.88,10.94,207500.0,10.94,ewa
2001-09-04,27.72,28.26,27.59,27.59,21900.0,27.59,xli
2006-03-15,111.69,112.43,111.54,112.33,5548900.0,112.33,dia
2002-08-19,15.04,15.62,15.0,15.55,1219300.0,15.55,xlk
2003-12-23,16.43,16.68,16.31,16.53,72200.0,16.53,eww
2001-05-03,27.49,27.63,27.31,27.5,106100.0,27.5,xly
2013-04-30,47.56,47.56,47.09,47.33,8217853.0,47.33,xlv
2013-04-02,46.4,46.79,46.39,46.74,8852217.0,46.74,xlv
2012-12-27,130.94,131.14,129.34,130.6,8309874.0,130.6,dia
2015-06-05,21.44,21.6,21.38,21.49,2322962.0,21.49,ewa
2007-05-08,58.0,58.04,57.68,57.88,6548150.0,57.88,ewj
2007-11-27,70.6,71.32,69.61,70.7,28139100.0,70.7,xle
2004-01-23,114.75,115.37,113.95,114.43,30377500.0,114.43,spy
2014-08-12,52.33,52.58,52.16,52.26,11550877.0,52.26,xli
2003-12-17,19.82,19.82,19.63,19.77,276600.0,19.77,xlk
2016-04-29,47.93,48.47,47.57,48.42,20177192.0,48.42,xlu
2016-04-19,52.98,53.95,52.89,53.84,2622389.0,53.84,eww
2000-07-24,22.94,24.94,24.44,24.56,40600.0,24.56,ewg
2004-07-29,30.45,30.58,30.3,30.4,264800.0,30.4,xly
2010-07-06,13.82,13.89,13.45,13.6,106945307.0,13.6,xlf
2009-09-22,32.05,32.26,31.92,32.04,6854536.0,32.04,xlb
2008-12-17,25.74,26.2,25.64,26.12,9129364.0,26.12,xlv
2012-03-16,44.56,44.56,44.26,44.35,1636132.0,44.35,xly
2012-04-17,36.78,37.15,36.71,37.13,740703.0,37.13,xlv
2005-07-29,32.0,32.0,31.73,31.73,853000.0,31.73,xlv
2000-07-27,0.0,21.31,20.88,21.12,26400.0,21.12,ewc
2014-01-29,27.85,27.9,27.68,27.74,4252519.0,27.74,ewc
2007-05-23,37.83,38.1,37.81,37.86,13525900.0,37.86,xlf
2005-10-05,32.53,32.64,32.12,32.12,502100.0,32.12,eww
2003-12-11,25.69,26.08,25.69,26.03,398600.0,26.03,xli
2014-02-07,40.7,40.96,40.6,40.93,7524590.0,40.93,xlp
2011-10-03,34.61,35.21,33.84,33.84,5644947.0,33.84,xly
2002-10-29,20.49,20.72,20.28,20.66,193900.0,20.66,xlp
2009-08-06,24.41,24.45,24.08,24.18,6181173.0,24.18,xlp
2000-11-06,11.75,11.81,11.69,11.75,22900.0,11.75,ewh
2003-08-19,94.41,94.61,93.62,94.49,7022600.0,94.49,dia
2012-06-26,18.67,18.8,18.53,18.74,916493.0,18.74,ewg
2015-06-10,51.72,52.0,51.68,51.88,6393314.0,51.88,ewj
2013-01-28,150.29,150.33,149.51,150.07,113357611.0,150.07,spy
2014-04-15,29.5,29.69,29.43,29.66,1132943.0,29.66,ewc
2012-11-27,15.75,15.81,15.62,15.64,49849086.0,15.64,xlf
2010-08-11,50.66,50.72,50.02,50.05,3107386.0,50.05,eww
2009-03-31,31.52,31.96,31.36,31.6,9234538.0,31.6,ewj
2013-08-14,46.18,46.28,45.96,46.04,7010106.0,46.04,ewj
2006-06-30,112.22,112.28,111.59,111.79,3681700.0,111.79,dia
2014-03-04,186.75,187.98,186.75,187.58,167545852.0,187.58,spy
2014-05-16,53.01,53.09,52.78,53.09,7490309.0,53.09,xli
2001-07-03,123.98,124.1,123.05,124.1,3279800.0,124.1,spy
2012-10-10,22.63,22.68,22.51,22.55,429316.0,22.55,ewg
2015-06-09,76.0,76.13,75.44,75.9,4686139.0,75.9,xly
2013-02-11,28.88,28.93,28.74,28.88,1242810.0,28.88,ewc
2010-06-11,19.07,19.38,19.05,19.34,1488349.0,19.34,ewg
2008-07-07,30.49,30.68,30.14,30.44,3814800.0,30.44,xlv
2005-02-02,17.1,17.22,17.03,17.21,655400.0,17.21,ewa
2014-12-16,27.04,27.79,27.01,27.39,5940984.0,27.39,ewg
2002-09-09,13.16,13.52,13.02,13.52,15200.0,13.52,eww
2001-09-19,89.43,89.8,84.9,87.47,9959200.0,87.47,dia
2002-11-21,16.45,16.85,16.31,16.83,3359300.0,16.83,xlk
2004-10-05,39.84,39.88,39.6,39.72,788000.0,39.72,ewj
2000-10-24,17.38,18.06,17.38,18.06,132200.0,18.06,xlb
2004-06-04,15.8,15.94,15.7,15.9,144700.0,15.9,ewg
2000-06-02,0.0,19.25,18.81,19.25,2700.0,19.25,ewc
2007-02-14,39.65,39.87,39.58,39.82,965400.0,39.82,xly
2006-07-27,31.83,31.85,31.62,31.83,1915200.0,31.83,xlv
2012-07-12,34.85,35.04,34.79,34.94,1265667.0,34.94,xlp
2009-06-22,11.88,11.96,11.33,11.34,133200806.0,11.34,xlf
2015-11-24,49.39,49.77,49.17,49.64,9728187.0,49.64,xlp
2014-06-25,22.62,22.78,22.6,22.75,25685127.0,22.75,xlf
2004-07-08,10.14,10.14,10.0,10.07,114800.0,10.07,ewh
2011-05-23,37.87,38.23,37.73,38.11,3184523.0,38.11,xlb
2014-09-08,45.43,45.52,45.22,45.24,4229622.0,45.24,xlp
2013-10-03,32.35,32.36,31.88,32.05,6492593.0,32.05,xlk
2006-01-20,128.28,128.31,125.81,125.97,12303100.0,125.97,spy
2003-12-18,16.55,16.69,16.36,16.67,106800.0,16.67,eww
2003-08-11,20.25,20.28,20.08,20.15,137900.0,20.15,xlp
2011-02-02,44.92,45.12,44.84,45.08,1349983.0,45.08,ewj
2012-09-26,22.77,22.78,22.62,22.73,637103.0,22.73,ewg
2001-02-05,29.23,29.46,29.18,29.24,15100.0,29.24,xlv
2008-10-14,17.43,17.87,16.61,17.33,26662500.0,17.33,xlf
2015-08-19,174.33,175.49,173.12,173.74,10988714.0,173.74,dia
2015-09-03,23.05,23.34,23.01,23.08,46660228.0,23.08,xlf
2008-12-23,26.03,26.32,25.75,25.92,3210162.0,25.92,xlv
2014-04-02,25.86,25.95,25.82,25.93,1180523.0,25.93,ewa
2015-08-05,175.84,176.52,175.03,175.36,4565463.0,175.36,dia
2008-12-31,89.08,90.97,88.87,90.24,194141827.0,90.24,spy
2009-02-19,79.84,80.15,78.02,78.18,316869547.0,78.18,spy
2005-02-14,30.78,30.78,30.55,30.59,178900.0,30.59,xli
2014-06-06,43.27,43.47,43.05,43.08,8087260.0,43.08,xlu
2009-09-25,104.78,105.36,104.09,104.45,204058931.0,104.45,spy
2016-04-20,48.36,48.88,48.29,48.48,15165980.0,48.48,ewj
2015-01-15,174.74,175.08,172.81,173.06,9293698.0,173.06,dia
2002-11-19,21.94,22.16,21.78,21.9,62100.0,21.9,xle
2003-06-10,22.25,22.25,22.05,22.18,426300.0,22.18,xlu
2010-09-08,31.54,31.62,31.29,31.31,4892678.0,31.31,xlu
2002-04-03,11.02,11.02,11.02,11.02,3400.0,11.02,ewc
2009-11-06,26.57,26.93,26.54,26.88,9245293.0,26.88,xli
2000-12-07,34.38,34.42,34.12,34.17,20100.0,34.17,xlu
2007-10-08,41.06,41.17,40.75,40.84,2917600.0,40.84,xlu
2006-10-11,24.15,24.36,24.13,24.22,850900.0,24.22,ewg
2001-04-11,26.7,26.74,26.32,26.42,1104600.0,26.42,xlf
2002-06-07,34.64,35.2,34.32,35.12,250300.0,35.12,ewj
2010-06-01,18.81,19.49,18.79,19.0,2874041.0,19.0,ewg
2009-05-27,12.15,12.19,11.64,11.68,171633157.0,11.68,xlf
2009-07-16,93.0,94.51,92.82,94.12,231174490.0,94.12,spy
2005-12-08,30.25,30.52,30.17,30.29,1613700.0,30.29,xlb
2005-11-17,30.8,31.02,30.62,30.98,426600.0,30.98,xli
2013-05-17,165.95,167.04,165.73,166.94,129801000.0,166.94,spy
2016-06-16,18.77,18.98,18.55,18.95,3775959.0,18.95,ewa
2001-10-11,10.0,10.0,10.0,10.0,1500.0,10.0,ewc
2011-11-14,34.97,35.19,34.58,34.8,4267676.0,34.8,xlb
2003-04-29,20.2,20.24,19.9,20.02,1079100.0,20.02,xlu
2006-12-21,33.62,33.74,33.52,33.58,497900.0,33.58,xlv
2003-07-01,29.1,29.5,28.81,29.49,89200.0,29.49,xlv
2002-04-08,25.3,25.51,25.3,25.46,156500.0,25.46,xlp
2004-01-02,105.09,105.47,103.99,104.37,8140300.0,104.37,dia
2010-07-09,38.12,38.44,38.08,38.4,2942677.0,38.4,ewj
2008-06-26,87.39,87.8,85.2,86.49,31959300.0,86.49,xle
2012-06-18,21.72,22.01,21.69,21.94,343939.0,21.94,ewa
2005-03-18,30.94,30.96,30.64,30.83,2400700.0,30.83,xlb
2007-01-31,27.26,27.59,27.14,27.56,727500.0,27.56,ewg
2006-05-23,127.18,127.88,125.17,125.17,79256800.0,125.17,spy
2011-07-07,42.52,42.72,42.4,42.68,4170712.0,42.68,ewj
2001-10-25,13.38,13.55,13.25,13.55,98700.0,13.55,ewg
2003-09-08,12.52,12.69,12.52,12.69,25000.0,12.69,ewc
2014-05-30,22.19,22.31,22.18,22.29,27231199.0,22.29,xlf
2013-07-19,18.73,18.76,18.64,18.72,2275593.0,18.72,ewh
2003-10-02,102.17,102.56,101.63,102.48,43324200.0,102.48,spy
2006-04-12,30.38,30.42,30.28,30.38,2571800.0,30.38,xlu
2000-03-24,152.88,155.75,151.72,153.56,11462900.0,153.56,spy
2009-10-07,29.0,29.11,28.86,29.07,3281446.0,29.07,xlu
2002-08-08,13.59,14.18,13.37,14.1,397100.0,14.1,xlk
2005-07-15,32.03,32.15,31.9,32.02,1071800.0,32.02,xlu
2004-07-07,14.36,14.44,14.34,14.36,28000.0,14.36,ewc
2010-09-10,27.24,27.3,27.12,27.24,1982761.0,27.24,ewc
2006-10-18,137.04,137.37,136.1,136.59,76274200.0,136.59,spy
2000-08-11,57.0,55.5,55.0,55.5,48275.0,55.5,ewj
2008-01-08,31.03,31.31,30.29,30.35,4300100.0,30.35,xly
2012-09-20,74.12,75.08,73.79,74.89,2215632.0,74.89,xle
2004-05-27,23.06,23.15,22.95,23.14,751200.0,23.14,xlp
2013-02-12,78.37,78.54,77.95,78.4,7202626.0,78.4,xle
2011-05-06,27.18,27.31,26.73,26.88,1733946.0,26.88,ewa
2009-09-14,52.99,54.03,52.81,54.0,15613448.0,54.0,xle
2013-01-15,38.84,39.11,38.83,39.06,9264360.0,39.06,xlb
2014-03-04,60.62,60.75,60.04,60.49,3487727.0,60.49,eww
2002-12-24,84.7,84.99,84.47,84.63,1416500.0,84.63,dia
2008-11-28,50.46,50.6,49.18,50.28,15984962.0,50.28,xle
2011-08-03,30.29,30.44,30.09,30.44,2755028.0,30.44,xlp
2000-11-13,19.38,19.62,19.28,19.48,16100.0,19.48,xlb
2005-02-02,30.35,30.36,29.25,30.29,466300.0,30.29,xli
2007-11-30,22.95,23.02,22.53,22.66,5092000.0,22.66,ewh
2016-01-05,49.97,50.29,49.84,50.17,8630450.0,50.17,xlp
2016-07-08,79.75,80.68,79.75,80.62,7411381.0,80.62,xly
2013-09-16,84.6,84.66,83.81,83.93,8068702.0,83.93,xle
2013-01-03,35.75,35.82,35.61,35.71,6537259.0,35.71,xlp
2000-10-18,32.09,32.23,31.81,32.0,135000.0,32.0,xlu
2015-09-01,46.36,46.8,46.12,46.28,23941815.0,46.28,ewj
2011-12-13,33.55,33.9,32.54,32.73,4488128.0,32.73,xlb
2012-04-30,45.84,45.84,45.51,45.61,1093701.0,45.61,xly
2008-12-26,18.12,18.15,17.95,18.07,214495.0,18.07,ewg
2015-06-17,27.61,27.79,27.46,27.73,2221370.0,27.73,ewc
2012-08-21,15.22,15.38,15.16,15.22,9265184.0,15.22,xlf
2012-06-12,35.48,35.68,35.4,35.68,294272.0,35.68,ewj
2007-11-09,29.75,31.0,29.45,30.14,33771500.0,30.14,xlf
2004-03-11,14.28,14.39,14.13,14.3,71900.0,14.3,ewc
2002-09-12,22.65,22.74,22.17,22.2,485800.0,22.2,xlf
2011-06-15,30.95,31.11,30.45,30.62,1267758.0,30.62,ewc
2016-12-29,51.76,52.03,51.73,51.97,10299366.0,51.97,xlp
2010-11-10,28.91,28.91,28.67,28.82,8337188.0,28.82,xlp
2012-01-06,128.22,128.22,127.29,127.82,29421959.0,127.82,spy
2003-11-11,9.82,9.89,9.8,9.82,3174200.0,9.82,ewh
2016-11-16,70.29,70.63,70.08,70.17,7585042.0,70.17,xlv
2001-08-02,29.95,29.96,29.57,29.87,568400.0,29.87,xle
2000-05-05,22.78,23.0,22.77,22.78,10300.0,22.78,xlb
2016-09-27,47.27,47.75,47.15,47.73,8784549.0,47.73,xlk
2007-06-26,32.75,32.81,32.45,32.45,811600.0,32.45,ewg
2013-09-04,164.43,166.03,164.14,165.75,97389357.0,165.75,spy
2015-04-17,51.68,51.76,51.56,51.7,7786452.0,51.7,ewj
2016-06-24,50.22,50.86,49.79,50.61,24190968.0,50.61,xlu
2015-10-20,24.47,24.8,24.42,24.6,876809.0,24.6,ewc
2010-02-18,15.17,15.32,15.16,15.25,3195899.0,15.25,ewh
2008-12-12,30.51,32.17,30.02,31.45,3206093.0,31.45,eww
2010-02-10,28.94,28.94,28.5,28.75,6572164.0,28.75,xlu
2013-04-29,54.51,54.67,54.28,54.46,3157722.0,54.46,xly
2007-06-04,16.82,16.93,16.75,16.91,2305000.0,16.91,ewh
2000-04-03,18.44,18.44,17.88,17.88,20300.0,17.88,eww
2006-08-14,40.5,40.67,40.06,40.15,1568500.0,40.15,eww
2015-09-15,19.43,19.63,19.39,19.62,2711374.0,19.62,ewh
2008-05-21,128.43,128.56,125.66,126.14,16320500.0,126.14,dia
2009-09-15,105.45,106.11,104.76,105.72,196795897.0,105.72,spy
2012-08-21,35.92,35.99,35.67,35.68,949250.0,35.68,xlp
2002-08-27,21.89,21.99,21.67,21.78,35800.0,21.78,xlp
2001-07-23,28.7,28.83,28.27,28.27,11400.0,28.27,xlv
2002-10-23,27.0,27.4,26.84,27.4,104675.0,27.4,ewj
2000-04-19,27.88,28.97,28.41,28.84,8400.0,28.84,xly
2015-12-23,53.1,53.52,52.96,53.48,9604802.0,53.48,xli
2007-02-23,60.04,60.32,59.92,60.16,5500425.0,60.16,ewj
2011-05-16,38.5,39.25,38.38,38.51,4480221.0,38.51,xlb
2013-09-10,65.78,66.34,65.38,66.3,3965707.0,66.3,eww
2013-02-12,26.21,26.35,26.18,26.24,1979448.0,26.24,ewa
2009-01-22,9.68,9.75,9.41,9.58,3857635.0,9.58,ewh
2010-04-05,42.16,42.52,42.04,42.28,5060883.0,42.28,ewj
2004-08-26,15.05,15.11,15.0,15.06,82100.0,15.06,ewg
2011-09-06,16.75,17.17,16.75,17.15,2491186.0,17.15,ewh
2003-01-03,9.3,9.34,9.17,9.32,7100.0,9.32,ewa
2004-10-11,28.85,29.0,28.8,28.93,1909400.0,28.93,xlf
2005-09-07,105.81,106.37,105.71,106.2,6782400.0,106.2,dia
2011-04-14,75.56,76.77,75.35,76.56,4348971.0,76.56,xle
2004-07-19,14.27,14.45,14.27,14.42,77300.0,14.42,ewc
2008-01-28,19.66,20.21,19.39,20.21,6746000.0,20.21,ewh
2010-01-13,15.01,15.23,14.89,15.18,81923818.0,15.18,xlf
2004-03-15,31.3,31.3,30.73,30.73,90600.0,30.73,xly
2015-03-06,49.44,49.6,49.24,49.24,11384478.0,49.24,ewj
2000-09-12,22.94,19.88,19.62,19.75,27800.0,19.75,ewg
2008-06-19,41.29,41.78,41.28,41.63,4454300.0,41.63,xlu
2006-01-20,56.9,57.51,56.0,56.41,27627500.0,56.41,xle
2013-07-22,45.49,45.57,45.36,45.44,5961348.0,45.44,xli
2001-02-15,15.3,15.3,15.0,15.11,112700.0,15.11,eww
2001-06-01,25.6,25.95,25.51,25.91,61700.0,25.91,xlp
2011-10-21,38.44,38.48,38.26,38.36,960309.0,38.36,ewj
2012-08-24,36.35,36.66,36.35,36.61,623080.0,36.61,xlu
2004-04-08,44.2,44.24,43.48,43.68,1281600.0,43.68,ewj
2013-03-20,18.27,18.33,18.24,18.29,62925569.0,18.29,xlf
2000-12-26,33.19,33.22,31.5,32.19,1098000.0,32.19,xlk
2001-04-23,9.25,9.25,9.15,9.2,5300.0,9.2,ewa
2016-10-28,48.28,48.69,48.2,48.46,16463866.0,48.46,xlu
2001-04-23,27.12,27.28,26.79,26.93,96500.0,26.93,xly
2001-02-15,12.0,12.15,11.98,12.03,110600.0,12.03,ewh
2014-06-10,26.67,26.73,26.58,26.73,725968.0,26.73,ewa
2016-07-08,19.45,19.63,19.45,19.61,2780984.0,19.61,ewh
2008-11-21,13.35,13.89,12.94,13.89,20149141.0,13.89,xlk
2005-07-25,123.41,123.95,122.85,123.19,55674800.0,123.19,spy
2009-10-12,99.0,99.39,98.56,98.94,5440310.0,98.94,dia
2008-02-25,27.22,27.74,26.98,27.68,2204300.0,27.68,ewa
2012-10-01,28.67,28.97,28.64,28.7,409500.0,28.7,ewc
2007-12-10,76.6,77.1,76.33,76.95,11384100.0,76.95,xle
2014-01-03,47.92,48.12,47.76,48.04,4810352.0,48.04,ewj
2002-10-02,20.28,20.52,20.25,20.27,204000.0,20.27,xlp
2011-06-29,35.54,35.54,35.33,35.42,1426143.0,35.42,xlv
2012-08-31,35.62,35.77,35.34,35.65,1269556.0,35.65,xlb
2016-12-05,20.77,20.84,20.76,20.82,1924023.0,20.82,ewh
2009-06-30,26.13,26.28,25.64,25.8,7835529.0,25.8,xlb
2004-09-28,110.91,111.51,110.41,111.28,37893500.0,111.28,spy
2007-03-26,124.75,124.75,123.57,124.36,7864500.0,124.36,dia
2007-03-26,143.5,143.65,142.09,143.2,10552800.0,143.2,spy
2004-11-29,22.68,22.68,22.45,22.51,442300.0,22.51,xlp
2008-09-23,34.01,34.43,33.54,33.54,3516700.0,33.54,xlu
2004-04-23,104.75,105.01,104.28,104.92,4774300.0,104.92,dia
2002-05-22,10.32,10.42,10.24,10.42,63400.0,10.42,ewa
2014-08-21,54.45,54.5,54.19,54.34,9971763.0,54.34,xli
2004-09-08,29.41,29.43,29.17,29.21,4723700.0,29.21,xlf
2006-06-21,33.08,33.45,33.0,33.35,724400.0,33.35,xli
2008-08-29,28.42,28.45,28.08,28.1,1616400.0,28.1,xlp
2003-10-27,103.88,104.18,103.27,103.63,31438700.0,103.63,spy
2014-06-18,44.83,45.42,44.78,45.41,22633415.0,45.41,xlp
2007-06-19,58.4,58.49,58.2,58.4,2831600.0,58.4,ewj
2011-01-14,16.72,16.72,16.72,16.72,60686518.0,16.72,xlf
2002-12-19,22.68,22.9,22.56,22.6,340900.0,22.6,xle
2001-02-12,108.08,109.69,108.03,109.63,1267100.0,109.63,dia
2004-01-29,14.37,14.43,14.05,14.16,159900.0,14.16,ewc
2009-01-26,26.17,26.31,25.8,25.94,6880948.0,25.94,xlv
2001-01-30,15.3,15.6,15.3,15.4,38800.0,15.4,eww
2005-05-16,38.59,38.7,37.94,38.63,23867100.0,38.63,xle
2011-08-08,33.19,33.78,31.63,31.81,10381659.0,31.81,xlb
2010-08-26,37.76,37.88,37.44,37.6,4166449.0,37.6,ewj
2014-07-15,30.87,30.89,30.53,30.66,6901312.0,30.66,ewg
2001-09-21,21.15,22.45,21.15,21.9,886100.0,21.9,xlf
2012-08-21,37.23,37.38,36.93,37.02,2587620.0,37.02,xli
2001-07-03,11.59,11.6,11.59,11.59,4300.0,11.59,ewc
2003-08-08,17.08,17.19,16.9,16.99,325000.0,16.99,xlk
2002-04-30,17.25,17.58,17.21,17.35,208100.0,17.35,eww
2015-09-24,45.2,45.36,44.68,45.32,19288314.0,45.32,ewj
2005-07-28,31.7,32.0,31.69,31.95,1833000.0,31.95,xlv
2016-11-01,52.8,52.89,52.4,52.57,11342289.0,52.57,xlp
2001-03-02,11.8,11.82,11.8,11.82,1300.0,11.82,ewc
2004-01-13,21.56,21.56,21.34,21.5,458800.0,21.5,xlp
2001-05-02,10.91,10.91,10.77,10.8,394400.0,10.8,ewh
2015-01-30,70.53,70.92,69.9,69.99,8027676.0,69.99,xly
2000-05-22,27.91,27.91,27.53,27.72,8500.0,27.72,xly
2005-08-31,28.33,29.25,28.33,29.24,848900.0,29.24,eww
2015-09-08,42.81,43.14,42.58,43.1,6536292.0,43.1,xlb
2009-07-21,89.13,89.27,88.1,89.17,14599280.0,89.17,dia
2005-02-15,34.2,34.34,34.12,34.31,102100.0,34.31,xly
2011-03-11,129.49,131.31,129.49,130.84,50585246.0,130.84,spy
2004-04-23,26.6,26.6,26.01,26.35,899400.0,26.35,xlb
2011-02-09,45.24,45.46,45.1,45.32,2408974.0,45.32,ewj
2012-05-17,36.12,36.22,36.02,36.08,744447.0,36.08,ewj
2016-02-01,50.65,51.14,50.5,50.93,18518014.0,50.93,xlp
2002-06-24,14.3,14.3,13.85,14.18,255800.0,14.18,eww
2004-09-30,20.67,20.67,20.45,20.45,1133100.0,20.45,eww
2003-07-17,90.5,91.34,90.39,90.72,7768100.0,90.72,dia
2012-10-09,135.4,135.74,134.55,134.59,1116015.0,134.59,dia
2010-06-04,26.55,26.55,26.01,26.07,9126591.0,26.07,xlp
2002-01-28,113.9,114.19,112.92,113.86,10310700.0,113.86,spy
2008-01-24,27.9,28.17,27.54,27.91,59381400.0,27.91,xlf
2003-03-28,23.25,23.4,23.07,23.21,63200.0,23.21,xly
2002-06-17,22.52,23.0,22.52,23.0,166500.0,23.0,xlb
2013-03-14,25.34,25.53,25.3,25.51,1632274.0,25.51,ewg
2005-02-03,29.2,29.3,29.06,29.19,1181600.0,29.19,xlb
2002-10-29,10.25,10.25,9.93,10.0,170300.0,10.0,ewg
2008-12-24,86.45,86.87,86.0,86.66,62142421.0,86.66,spy
2014-02-07,21.12,21.31,21.05,21.29,51223413.0,21.29,xlf
2002-09-17,13.73,13.73,13.15,13.15,52000.0,13.15,eww
2015-08-06,50.95,50.95,50.37,50.44,7889450.0,50.44,xlp
2000-02-17,54.98,55.62,54.19,55.5,231200.0,55.5,xlk
2002-09-30,82.0,82.8,80.01,81.79,70102100.0,81.79,spy
2001-11-27,26.8,27.25,26.71,26.82,398600.0,26.82,xli
2010-04-05,34.61,34.94,34.49,34.93,6589244.0,34.93,xlb
2014-02-05,55.37,55.47,54.65,55.09,16384164.0,55.09,xlv
2008-04-24,25.63,26.63,25.62,26.45,21722200.0,26.45,xlf
2007-06-04,58.72,58.92,58.48,58.92,2894925.0,58.92,ewj
2015-06-22,27.55,27.74,27.52,27.67,1245793.0,27.67,ewc
2005-03-03,29.9,30.05,29.67,29.82,5355800.0,29.82,xlf
2008-03-14,26.2,26.2,25.13,25.28,2791500.0,25.28,ewa
2002-06-05,24.37,24.72,24.37,24.72,80600.0,24.72,xli
2012-05-22,56.31,56.63,55.3,55.72,1177040.0,55.72,eww
2010-04-29,34.95,35.63,34.95,35.56,8474404.0,35.56,xly
2012-09-05,21.3,21.37,21.21,21.33,2381728.0,21.33,ewg
2009-09-23,27.29,27.38,26.86,26.94,8333107.0,26.94,xli
2012-01-18,124.53,125.72,124.42,125.62,703658.0,125.62,dia
2014-07-01,66.91,67.6,66.83,67.45,3830557.0,67.45,xly
2000-06-07,146.62,148.0,146.0,147.48,4919500.0,147.48,spy
2001-11-08,24.8,25.0,24.63,24.82,18400.0,24.82,xlv
2003-04-03,22.69,22.72,22.2,22.27,1372500.0,22.27,xle
2015-07-21,25.54,25.75,25.4,25.5,2913980.0,25.5,ewc
2015-08-05,42.37,42.81,42.28,42.51,10392779.0,42.51,xlk
2009-04-29,21.18,21.95,21.18,21.68,14356533.0,21.68,xli
2007-05-17,39.85,40.3,39.84,40.13,3195400.0,40.13,xlb
2013-04-29,20.24,20.46,20.24,20.39,1731268.0,20.39,ewh
2000-06-27,24.39,24.75,24.39,24.75,74100.0,24.75,xlp
2015-02-23,79.75,80.86,79.55,80.21,19679470.0,80.21,xle
2006-02-09,21.62,21.74,21.46,21.47,1304100.0,21.47,xlk
2016-02-25,48.14,48.39,47.64,48.35,1385630.0,48.35,eww
2016-09-26,21.83,21.87,21.74,21.75,1382378.0,21.75,ewh
2006-10-12,118.88,119.58,118.87,119.46,5286600.0,119.46,dia
2014-08-11,21.91,22.0,21.88,21.97,1502793.0,21.97,ewh
2005-12-23,33.1,33.13,33.0,33.08,1131700.0,33.08,xly
2005-06-01,31.34,31.47,31.2,31.37,507600.0,31.37,xlv
2001-11-06,24.6,24.75,24.35,24.75,35100.0,24.75,xlv
2008-08-20,28.43,28.55,28.17,28.39,2122000.0,28.39,xlp
2008-11-18,9.33,9.6,9.17,9.43,4430167.0,9.43,ewh
2006-04-05,33.73,33.98,33.73,33.95,581700.0,33.95,xly
2003-02-07,79.92,80.6,78.4,78.85,7526600.0,78.85,dia
2006-02-16,128.34,129.21,128.18,129.16,54600100.0,129.16,spy
2004-11-15,118.5,118.77,118.23,118.73,34260900.0,118.73,spy
2012-09-04,141.09,141.46,140.14,140.87,21273003.0,140.87,spy
2006-07-03,32.38,32.73,32.38,32.72,3268300.0,32.72,xlf
2004-12-01,118.16,119.5,118.1,119.23,48099100.0,119.23,spy
2010-01-14,41.64,42.04,41.64,41.96,6478182.0,41.96,ewj
2010-06-24,28.96,29.13,28.84,28.88,10191904.0,28.88,xlv
2011-12-20,34.55,35.04,34.55,35.01,1155456.0,35.01,xlu
2009-07-13,24.36,25.05,23.94,25.05,7472010.0,25.05,xlb
2006-10-13,36.55,36.63,36.48,36.63,1191700.0,36.63,xly
2013-06-03,26.28,26.41,26.1,26.41,10107175.0,26.41,ewg
2012-11-23,35.23,35.68,35.23,35.67,3058212.0,35.67,xlp
2006-12-11,23.61,23.91,23.61,23.82,881800.0,23.82,ewa
2014-01-09,56.18,56.56,56.05,56.52,6204636.0,56.52,xlv
2006-08-23,25.2,25.25,25.09,25.15,1693000.0,25.15,xlp
2008-07-17,31.68,32.18,31.16,31.46,1651400.0,31.46,ewc
2007-05-17,134.95,135.4,134.71,134.93,11313600.0,134.93,dia
2000-06-14,11.75,12.5,12.19,12.31,40900.0,12.31,ewh
2006-08-17,55.96,56.36,55.76,55.84,2232125.0,55.84,ewj
2003-02-26,18.0,18.0,17.61,17.69,755000.0,17.69,xlu
2002-05-23,36.32,36.48,36.08,36.36,1067650.0,36.36,ewj
2011-06-23,25.51,25.83,25.27,25.83,1564332.0,25.83,ewg
2011-07-20,14.91,15.07,14.91,14.99,22721752.0,14.99,xlf
2007-03-21,52.18,53.9,51.77,53.8,4637200.0,53.8,eww
2003-07-11,10.79,10.98,10.79,10.85,34200.0,10.85,ewa
2012-06-28,15.89,15.98,15.82,15.96,820453.0,15.96,ewh
2008-04-28,33.0,33.07,32.89,32.91,273200.0,32.91,ewg
2007-08-03,34.17,34.31,33.67,33.68,3914600.0,33.68,xlv
2000-09-29,0.0,15.5,15.19,15.19,4900.0,15.19,eww
2005-06-24,41.04,41.08,40.76,40.88,2116775.0,40.88,ewj
2009-11-09,22.27,22.63,22.26,22.63,533137.0,22.63,ewg
2013-07-29,41.47,41.54,41.34,41.44,7492997.0,41.44,xlp
2012-10-26,28.92,29.12,28.72,28.99,2034745.0,28.99,xlk
2015-10-23,19.72,19.82,19.7,19.79,2286440.0,19.79,ewa
2009-04-24,34.64,34.92,34.44,34.6,5410350.0,34.6,ewj
2010-10-20,28.5,28.87,28.41,28.81,1594536.0,28.81,ewc
2006-08-22,32.12,32.34,32.08,32.3,376200.0,32.3,xlv
2005-07-19,122.71,123.11,122.41,123.02,56767900.0,123.02,spy
2008-09-25,109.01,111.21,108.78,110.27,27080900.0,110.27,dia
2013-12-10,86.33,86.79,86.16,86.27,10566032.0,86.27,xle
2015-09-25,18.07,18.14,17.9,17.99,1761087.0,17.99,ewa
2012-12-31,16.16,16.41,16.11,16.39,59773723.0,16.39,xlf
2013-06-28,44.68,45.16,44.6,44.88,13429577.0,44.88,ewj
2002-02-26,22.96,23.07,22.79,22.96,532000.0,22.96,xlb
2016-12-23,48.68,48.8,48.45,48.61,7778511.0,48.61,xlu
2002-04-16,11.1,11.29,11.1,11.2,89000.0,11.2,ewc
2016-06-06,25.15,25.44,25.15,25.39,1859862.0,25.39,ewc
2015-10-27,27.02,27.07,26.86,26.93,1804359.0,26.93,ewg
2002-08-23,90.04,91.0,88.4,88.72,7930700.0,88.72,dia
2015-09-30,73.38,74.34,73.04,74.26,10785445.0,74.26,xly
2010-11-05,15.27,15.68,15.23,15.58,165603008.0,15.58,xlf
2006-12-26,34.64,34.81,34.59,34.79,379600.0,34.79,xlb
2008-10-29,29.23,29.65,28.13,28.13,8761000.0,28.13,xlu
2006-03-28,19.71,19.72,19.5,19.55,172300.0,19.55,ewa
2010-01-07,51.37,51.69,51.03,51.48,1673828.0,51.48,eww
2006-03-30,32.62,32.83,32.48,32.54,7123200.0,32.54,xlf
2016-05-24,47.94,48.4,47.87,48.34,13342995.0,48.34,xlu
2003-07-11,99.2,100.45,99.15,100.24,35476100.0,100.24,spy
2005-09-30,32.3,32.53,32.24,32.49,1743900.0,32.49,xly
2007-04-12,40.95,40.95,40.49,40.73,3040500.0,40.73,xlu
2000-01-18,27.31,27.38,27.06,27.38,86700.0,27.38,ewg
2015-08-28,47.61,47.69,47.35,47.64,8682075.0,47.64,xlp
2002-05-23,19.24,19.36,18.86,19.32,389500.0,19.32,xlk
2015-07-02,74.4,74.93,74.34,74.53,9700239.0,74.53,xle
2004-07-23,31.98,31.99,31.71,31.84,2736300.0,31.84,xle
2006-02-01,32.29,32.36,32.0,32.24,2782600.0,32.24,xlu
2009-01-23,33.4,34.4,33.28,34.24,6776465.0,34.24,ewj
2009-08-03,92.47,93.0,91.97,92.86,9844788.0,92.86,dia
2008-03-27,26.37,26.37,25.79,25.85,1701900.0,25.85,ewa
2000-06-14,0.0,19.81,19.56,19.81,1100.0,19.81,ewc
2006-12-13,26.15,26.2,25.99,26.05,2534800.0,26.05,xlp
2006-11-10,35.66,35.93,35.66,35.91,2824800.0,35.91,xlu
2009-06-12,23.65,23.92,23.43,23.86,9665379.0,23.86,xly
2001-10-02,7.74,7.85,7.65,7.74,60000.0,7.74,ewh
2001-07-11,9.7,9.85,9.68,9.8,29400.0,9.8,ewh
2002-04-17,23.73,23.85,23.73,23.82,174800.0,23.82,xlb
2012-01-10,35.5,35.52,35.4,35.45,1111190.0,35.45,xlv
2003-04-09,9.72,9.72,9.72,9.72,10700.0,9.72,ewa
2007-06-08,16.61,16.77,16.46,16.75,2143500.0,16.75,ewh
2004-11-10,15.9,15.99,15.83,15.98,125100.0,15.98,ewa
2006-11-13,57.01,57.88,56.81,57.35,18914900.0,57.35,xle
2008-03-28,50.0,50.44,49.84,49.84,5587000.0,49.84,ewj
2003-12-05,19.99,20.08,19.81,19.83,372200.0,19.83,xlk
2006-01-10,23.55,23.58,23.47,23.55,1140700.0,23.55,xlp
2008-06-20,44.2,44.27,43.21,43.25,10795100.0,43.25,xlb
2005-09-07,29.88,29.9,29.69,29.78,7599300.0,29.78,xlf
2014-08-18,22.69,22.85,22.68,22.83,25114442.0,22.83,xlf
2000-10-04,0.0,15.31,14.81,15.31,57800.0,15.31,eww
2000-01-06,26.8,27.73,26.78,27.47,1335000.0,27.47,xlb
2011-02-09,25.94,26.03,25.81,25.97,495998.0,25.97,ewa
2016-05-09,19.29,19.34,19.18,19.18,2827860.0,19.18,ewh
2006-07-27,21.03,21.09,20.85,20.9,253300.0,20.9,ewa
2011-09-08,29.48,29.66,29.29,29.34,808274.0,29.34,ewc
2004-07-12,18.9,19.15,18.8,19.12,140000.0,19.12,eww
2006-05-08,30.71,30.82,30.7,30.77,3090300.0,30.77,xlv
2010-03-10,23.78,23.96,23.64,23.8,4436684.0,23.8,ewa
2011-07-25,18.47,18.61,18.47,18.54,703245.0,18.54,ewh
2012-10-25,15.99,16.02,15.78,15.88,16091680.0,15.88,xlf
2006-06-30,34.01,34.01,33.78,33.81,913900.0,33.81,xli
2010-01-28,20.94,20.94,20.38,20.58,805860.0,20.58,ewg
2013-02-19,37.71,38.0,37.7,37.99,8141209.0,37.99,xlp
2012-02-24,76.17,76.49,76.04,76.29,2128519.0,76.29,xle
2015-06-10,42.47,43.12,42.47,43.03,8964836.0,43.03,xlk
2000-03-22,28.0,28.34,27.97,28.22,69100.0,28.22,xli
2008-05-29,139.13,140.93,139.08,140.0,66022700.0,140.0,spy
2003-03-19,21.3,21.65,21.29,21.64,1659200.0,21.64,xlf
2013-11-19,179.33,179.87,178.72,179.03,93891416.0,179.03,spy
2003-08-11,28.35,28.7,28.35,28.51,100700.0,28.51,xlv
2000-01-24,17.5,17.62,16.88,16.88,21400.0,16.88,eww
2011-06-15,72.83,73.48,71.62,72.04,8167645.0,72.04,xle
2012-01-18,20.43,20.7,20.38,20.68,521704.0,20.68,ewg
2009-06-04,86.91,87.66,86.49,87.51,11765974.0,87.51,dia
2005-09-27,20.57,20.58,20.41,20.47,930100.0,20.47,xlk
2014-12-19,46.04,46.24,45.92,46.04,6156924.0,46.04,ewj
2005-01-24,29.73,29.79,29.55,29.55,5353600.0,29.55,xlf
2014-10-20,22.27,22.47,22.27,22.45,49500163.0,22.45,xlf
2014-07-14,54.38,54.56,54.27,54.38,9399935.0,54.38,xli
2009-12-17,14.21,14.25,14.06,14.06,92100399.0,14.06,xlf
2015-06-16,76.91,77.39,76.54,77.37,9017622.0,77.37,xle
2001-11-26,22.05,22.19,21.84,22.0,45300.0,22.0,xlb
2010-01-04,23.5,23.81,23.48,23.72,4967465.0,23.72,ewa
2002-12-11,22.75,22.94,22.65,22.76,459000.0,22.76,xlf
2002-10-15,9.95,9.95,9.7,9.89,261100.0,9.89,ewg
2011-04-15,40.24,40.36,40.1,40.12,2933960.0,40.12,ewj
2006-05-17,23.61,23.7,22.83,22.85,1380900.0,22.85,ewg
2015-08-12,44.38,45.3,44.28,45.22,23459770.0,45.22,xlu
2013-02-04,43.05,43.08,42.74,42.77,7593373.0,42.77,xlv
2002-08-22,22.04,22.21,21.94,22.14,46000.0,22.14,xlp
2004-04-07,29.68,29.75,29.49,29.58,1885400.0,29.58,xlf
2002-10-21,27.7,28.08,27.45,28.0,77200.0,28.0,xlv
2011-03-03,121.45,122.66,121.43,122.36,1354335.0,122.36,dia
2016-11-11,46.12,46.66,45.85,46.03,30951469.0,46.03,xlu
2003-11-10,105.75,105.84,105.01,105.18,24725500.0,105.18,spy
2015-12-07,209.23,209.73,207.2,208.35,102027111.0,208.35,spy
2008-10-22,15.31,15.48,14.16,14.64,76549300.0,14.64,xlf
2015-03-03,76.73,76.75,76.14,76.67,6025539.0,76.67,xly
2013-03-12,52.7,52.8,52.43,52.6,3724904.0,52.6,xly
2005-09-01,18.8,18.94,18.68,18.87,743900.0,18.87,ewa
2006-12-08,60.62,60.97,60.17,60.27,14206900.0,60.27,xle
2011-10-06,114.35,116.66,113.51,116.51,55805613.0,116.51,spy
2014-08-11,97.23,97.58,96.54,96.61,11203566.0,96.61,xle
2001-03-13,26.34,26.39,25.79,26.36,242100.0,26.36,xly
2014-01-02,183.98,184.07,182.48,182.92,119636836.0,182.92,spy
2013-04-09,78.0,78.81,77.63,78.48,9579930.0,78.48,xle
2013-08-07,20.49,20.5,20.34,20.44,38604368.0,20.44,xlf
2000-05-19,142.56,143.23,140.41,141.12,6518400.0,141.12,spy
2007-12-24,28.94,29.22,28.66,29.0,604400.0,29.0,ewa
2014-02-26,59.27,59.47,58.96,59.1,7448999.0,59.1,xlv
2005-05-06,23.34,23.34,23.07,23.07,1518900.0,23.07,xlp
2011-05-13,39.22,39.37,38.54,38.65,5007416.0,38.65,xlb
2016-05-09,48.86,49.18,48.76,49.11,11214938.0,49.11,xlu
2009-09-15,40.48,40.84,40.32,40.68,8838894.0,40.68,ewj
2004-07-06,40.08,40.48,39.96,40.12,1156900.0,40.12,ewj
2014-12-23,46.71,47.35,46.71,47.1,9581141.0,47.1,xlu
2011-02-03,37.67,38.0,37.58,37.97,1328221.0,37.97,xly
2000-06-28,53.5,54.91,53.5,54.19,159500.0,54.19,xlk
2012-12-12,19.36,19.44,19.31,19.36,6174057.0,19.36,ewh
2004-10-05,28.72,28.74,28.59,28.63,150400.0,28.63,xli
2014-05-08,57.81,58.12,57.31,57.47,7710004.0,57.47,xlv
2012-07-16,43.38,43.58,43.18,43.34,803050.0,43.34,xly
2012-04-23,34.86,34.87,34.71,34.87,1318775.0,34.87,xlu
2008-06-13,43.66,44.7,43.65,44.59,9659500.0,44.59,xlb
2011-06-21,26.64,27.13,26.63,27.09,974399.0,27.09,ewg
2007-06-11,68.06,68.98,67.75,68.44,13358400.0,68.44,xle
2014-10-22,52.99,52.99,52.04,52.09,16417679.0,52.09,xli
2004-03-29,31.5,31.7,31.47,31.55,138300.0,31.55,xly
2012-11-21,35.84,35.98,35.75,35.94,4728813.0,35.94,xlb
2009-01-06,18.7,19.08,18.59,18.88,2792394.0,18.88,ewc
2008-10-29,47.48,50.46,47.09,48.13,62783100.0,48.13,xle
2001-09-17,28.5,28.5,27.78,28.28,2009600.0,28.28,xle
2008-01-17,33.05,33.21,32.25,32.34,3173600.0,32.34,ewg
2010-11-19,28.78,28.83,28.65,28.81,3591214.0,28.81,xlp
2006-09-25,53.28,53.28,52.6,53.12,3879925.0,53.12,ewj
2015-07-14,42.08,42.34,42.06,42.23,6126352.0,42.23,xlk
2000-04-18,25.25,25.62,25.12,25.38,68000.0,25.38,ewg
2010-06-23,19.82,19.96,19.55,19.82,2211269.0,19.82,ewg
2013-02-26,37.66,37.82,37.39,37.75,12023535.0,37.75,xlb
2000-07-07,28.56,28.61,28.41,28.47,212800.0,28.47,xli
2007-03-06,121.28,122.29,120.98,122.06,8794000.0,122.06,dia
2000-11-03,19.28,19.5,19.16,19.5,12600.0,19.5,xlb
2016-05-16,49.22,49.46,49.04,49.45,11086643.0,49.45,xlu
2000-06-07,9.31,10.12,9.88,10.0,31400.0,10.0,ewa
2012-07-27,62.66,63.67,62.2,63.38,791451.0,63.38,eww
2015-12-14,41.95,42.0,41.5,42.0,16390334.0,42.0,xlu
2000-06-15,31.97,32.0,31.17,31.38,251400.0,31.38,xle
2016-03-28,19.25,19.32,19.19,19.29,1296268.0,19.29,ewa
2011-11-09,16.36,16.43,15.83,15.95,5796277.0,15.95,ewh
2005-10-17,47.28,47.44,47.16,47.36,9123925.0,47.36,ewj
2013-03-15,52.7,52.78,52.48,52.59,6048957.0,52.59,xly
2009-03-13,25.72,26.55,25.34,26.27,7591386.0,26.27,eww
2001-05-23,33.5,33.53,33.15,33.29,15900.0,33.29,xlu
2004-10-21,10.92,11.03,10.92,11.02,178600.0,11.02,ewh
2016-06-17,43.25,43.35,42.86,43.05,11465214.0,43.05,xlk
2012-12-31,24.67,25.16,24.67,25.14,3193961.0,25.14,ewa
2002-06-11,29.55,29.74,29.14,29.14,52000.0,29.14,xlv
2015-08-26,26.41,26.48,25.88,26.48,11292108.0,26.48,ewg
2007-01-25,34.55,34.55,34.37,34.42,3214300.0,34.42,xlv
2011-09-30,25.43,25.89,25.35,25.49,670389.0,25.49,ewc
2004-05-17,22.38,22.48,22.26,22.31,812800.0,22.31,xlu
2005-11-18,49.2,49.39,48.47,49.04,23960200.0,49.04,xle
2001-01-19,19.78,19.94,19.41,19.59,62900.0,19.59,xlb
2012-11-15,44.87,45.15,44.69,44.88,1670535.0,44.88,xly
2014-02-20,31.32,31.52,31.24,31.49,1765411.0,31.49,ewg
2009-05-27,23.2,23.26,22.63,22.63,6976363.0,22.63,xlp
2000-12-22,20.62,21.38,20.36,21.36,200900.0,21.36,xlb
2007-09-19,29.92,30.04,29.74,29.99,1062000.0,29.99,ewa
2000-10-10,11.75,11.75,11.5,11.69,25400.0,11.69,ewh
2011-10-20,32.42,32.64,32.09,32.52,1332490.0,32.52,xlv
2001-06-04,43.4,43.6,43.16,43.44,133275.0,43.44,ewj
2003-07-08,23.65,23.88,23.64,23.76,241600.0,23.76,xle
2010-10-19,19.03,19.06,18.77,18.89,11858278.0,18.89,ewh
2007-03-20,51.34,51.78,51.02,51.75,1667500.0,51.75,eww
2000-11-21,26.5,26.72,26.0,26.56,554000.0,26.56,xlf
2015-10-06,198.31,198.98,197.0,197.81,108922460.0,197.81,spy
2000-11-27,31.06,31.06,30.59,30.78,4800.0,30.78,xli
2014-01-10,42.45,42.55,42.24,42.4,15903765.0,42.4,xlp
2004-01-09,14.41,14.76,14.3,14.69,4423700.0,14.69,ewc
2005-05-20,25.28,25.44,25.06,25.42,143500.0,25.42,eww
2003-05-01,10.54,10.62,10.42,10.45,38000.0,10.45,ewc
2008-06-24,23.44,23.75,23.2,23.47,5485400.0,23.47,xlk
2007-03-15,50.47,51.1,50.24,50.71,2442200.0,50.71,eww
2008-05-13,31.72,31.74,31.41,31.41,1291800.0,31.41,xlv
2003-04-30,22.0,22.2,22.0,22.13,51100.0,22.13,xle
2016-10-13,20.53,20.72,20.44,20.67,2526827.0,20.67,ewa
2006-02-14,23.17,23.47,23.17,23.47,793900.0,23.47,xlp
2001-12-19,9.25,9.25,9.15,9.2,31100.0,9.2,ewa
2011-04-21,39.91,39.91,39.91,39.91,2913812.0,39.91,xly
2015-02-11,27.4,27.6,27.35,27.52,2144762.0,27.52,ewc
2003-03-11,8.55,8.65,8.42,8.47,152400.0,8.47,ewg
2002-10-16,20.31,20.31,19.75,19.81,134600.0,19.81,xli
2013-02-28,37.35,37.58,37.24,37.43,8977534.0,37.43,xlu
2011-09-02,57.42,58.38,56.94,57.42,1257985.0,57.42,eww
2007-03-06,35.31,35.78,35.22,35.67,19270900.0,35.67,xlf
2008-11-05,51.65,53.3,50.41,50.65,42146100.0,50.65,xle
2016-03-21,66.9,67.37,66.79,67.23,12183575.0,67.23,xlv
2004-06-15,27.78,27.87,27.69,27.83,627600.0,27.83,xli
2004-12-22,16.89,16.93,16.71,16.93,214300.0,16.93,ewc
2001-04-18,11.35,11.9,11.35,11.65,14100.0,11.65,ewc
2012-05-31,43.14,43.38,42.7,43.11,1822566.0,43.11,xly
2000-07-07,0.0,18.06,17.56,17.94,46500.0,17.94,eww
2015-05-01,55.89,56.36,55.81,56.33,11017898.0,56.33,xli
2006-03-30,19.83,20.06,19.83,20.06,541900.0,20.06,ewa
2012-11-06,142.27,143.52,142.14,142.93,23153685.0,142.93,spy
2012-04-20,36.72,36.78,36.48,36.48,2194094.0,36.48,xlb
2007-05-03,63.92,65.03,63.86,64.7,16534600.0,64.7,xle
2001-05-22,34.54,34.55,34.1,34.25,152500.0,34.25,xle
2016-10-10,47.87,48.06,47.84,47.95,6657950.0,47.95,xlk
2012-11-20,127.34,127.86,126.77,127.71,1478890.0,127.71,dia
2014-10-15,37.15,37.58,36.58,37.43,29067214.0,37.43,xlk
2016-01-06,24.79,25.09,24.74,25.03,7372812.0,25.03,ewg
2013-09-03,25.92,25.95,25.67,25.8,3901618.0,25.8,ewg
2016-06-02,24.38,24.66,24.36,24.61,1122890.0,24.61,ewc
2011-04-27,28.08,28.33,27.86,28.28,1309498.0,28.28,ewa
2013-09-23,20.15,20.39,20.15,20.3,6066069.0,20.3,ewh
2000-02-24,28.94,29.0,28.12,28.56,115800.0,28.56,ewg
2011-03-11,43.12,43.38,43.0,43.24,4023278.0,43.24,ewj
2001-04-18,121.06,126.0,120.69,124.0,20229000.0,124.0,spy
2014-05-08,30.7,30.75,30.5,30.6,1351442.0,30.6,ewc
2005-07-07,22.65,22.73,22.55,22.7,510500.0,22.7,xlp
2003-03-11,81.6,82.0,80.47,80.52,46968000.0,80.52,spy
2012-04-23,136.55,136.91,135.94,136.79,34608573.0,136.79,spy
2015-11-06,49.64,49.78,49.44,49.6,6975068.0,49.6,ewj
2016-01-26,49.0,49.62,48.95,49.29,10524037.0,49.29,xlp
2000-02-18,18.81,18.81,18.0,18.0,11500.0,18.0,eww
2009-06-05,88.25,88.55,87.12,87.91,16835662.0,87.91,dia
2009-07-24,15.02,15.15,14.96,15.1,8237665.0,15.1,ewh
2014-09-15,93.46,94.47,92.99,94.22,13391313.0,94.22,xle
2012-09-19,29.1,29.21,29.02,29.11,322918.0,29.11,ewc
2012-01-03,127.75,128.38,127.44,127.49,38379801.0,127.49,spy
2014-07-23,44.99,45.01,44.81,44.85,2796973.0,44.85,xlp
2000-08-02,26.16,26.34,25.91,25.98,59800.0,25.98,xlf
2001-10-04,8.01,8.15,7.97,8.0,43300.0,8.0,ewh
2004-04-12,21.25,21.34,21.05,21.22,162100.0,21.22,eww
2005-02-22,30.4,30.41,29.91,29.97,3282500.0,29.97,xlv
2016-10-04,70.62,70.79,69.56,69.84,11852813.0,69.84,xle
2005-11-22,19.0,19.14,18.83,19.12,194800.0,19.12,ewa
2007-01-31,38.95,39.53,38.95,39.46,1148200.0,39.46,xly
2004-06-29,28.45,28.58,28.39,28.46,2841400.0,28.46,xlf
2013-03-01,37.9,38.25,37.89,38.22,6584785.0,38.22,xlp
2003-09-15,21.74,21.74,21.48,21.54,399000.0,21.54,xlu
2007-10-16,35.8,35.83,35.53,35.59,3102900.0,35.59,xlv
2007-04-16,23.91,24.09,23.9,24.09,1267300.0,24.09,xlk
2012-08-29,35.63,35.74,35.39,35.63,744299.0,35.63,xlb
2002-09-10,20.75,20.75,20.1,20.21,50700.0,20.21,xlu
2013-01-23,42.35,42.43,42.14,42.25,5544749.0,42.25,xlv
2001-06-11,30.41,30.71,30.17,30.18,19200.0,30.18,xli
2004-12-09,104.53,105.6,104.16,105.38,8782200.0,105.38,dia
2006-12-19,36.56,36.95,36.48,36.84,2417900.0,36.84,xlu
2005-07-29,21.23,21.25,21.02,21.05,1708200.0,21.05,xlk
2016-11-14,20.53,20.69,20.5,20.59,2778945.0,20.59,ewh
2013-04-03,38.46,38.64,37.96,38.14,14870702.0,38.14,xlb
2009-05-22,25.56,26.06,25.56,25.83,4892490.0,25.83,xlu
2005-04-01,23.2,23.2,22.74,22.8,2441100.0,22.8,xlp
2010-03-22,27.66,27.95,27.65,27.91,3038753.0,27.91,xlp
2015-11-16,69.42,70.44,69.41,70.44,12714055.0,70.44,xlv
2010-04-20,41.96,42.0,41.72,41.76,5620867.0,41.76,ewj
2015-08-12,50.92,51.32,50.56,51.28,20672090.0,51.28,ewj
2001-05-09,125.25,126.55,125.06,125.65,9467700.0,125.65,spy
2014-10-16,49.28,50.9,49.15,50.48,43949163.0,50.48,xli
2006-05-03,21.74,21.81,21.62,21.72,815400.0,21.72,xlk
2005-12-02,35.83,36.13,35.51,35.83,1878300.0,35.83,eww
2009-03-11,23.3,23.35,22.96,23.0,9392673.0,23.0,xlu
2012-04-26,28.0,28.12,27.98,28.11,291025.0,28.11,ewc
2007-04-27,27.71,27.98,27.62,27.88,240000.0,27.88,ewc
2007-04-20,39.0,39.14,38.9,39.08,3139700.0,39.08,xlb
2005-08-24,20.77,20.97,20.65,20.66,1013800.0,20.66,xlk
2011-08-25,23.34,23.45,22.81,22.92,2377755.0,22.92,ewa
2000-09-25,17.62,17.62,17.38,17.45,26800.0,17.45,xlb
2015-09-28,24.48,24.48,24.3,24.33,4935846.0,24.33,ewg
2001-08-15,9.7,9.74,9.67,9.67,5200.0,9.67,ewa
2012-02-08,22.57,22.66,22.38,22.63,583716.0,22.63,ewg
2004-07-22,10.12,10.31,10.08,10.3,359300.0,10.3,ewh
2012-10-04,23.04,23.17,22.98,23.17,986372.0,23.17,ewg
2009-08-14,25.13,25.13,24.45,24.73,14117593.0,24.73,xli
2016-01-20,65.68,67.64,64.86,66.99,24665100.0,66.99,xlv
2003-08-11,27.45,27.65,27.43,27.6,31900.0,27.6,xly
2010-03-05,50.53,50.71,50.29,50.64,2162537.0,50.64,eww
2002-04-10,15.0,15.15,14.98,15.14,16900.0,15.14,ewg
2004-07-06,14.32,14.35,14.23,14.26,88100.0,14.26,ewc
2014-10-22,48.7,48.8,47.93,47.96,9213151.0,47.96,xlb
2004-09-23,19.12,19.21,19.04,19.13,236000.0,19.13,xlk
2009-11-09,29.07,29.44,29.03,29.44,4752434.0,29.44,xlu
2016-12-01,20.63,20.75,20.57,20.66,2790905.0,20.66,ewa
2004-12-09,15.8,16.0,15.76,15.98,597700.0,15.98,ewa
2011-10-06,60.33,61.78,59.73,61.68,4626460.0,61.68,xle
2014-11-05,55.59,55.59,55.14,55.45,8110596.0,55.45,xli
2008-11-11,24.31,24.5,23.36,23.89,12893424.0,23.89,xlb
2013-04-22,18.12,18.13,17.92,18.1,43801095.0,18.1,xlf
2012-07-26,34.77,34.81,34.24,34.48,2122478.0,34.48,xlb
2009-11-04,25.95,26.25,25.94,26.01,8038976.0,26.01,xlp
2009-06-15,17.16,17.23,16.71,16.86,3741296.0,16.86,ewa
2015-04-23,76.1,76.99,76.06,76.59,4135761.0,76.59,xly
2006-05-30,32.98,32.98,32.44,32.45,7646400.0,32.45,xlf
2014-10-17,162.68,163.95,162.21,163.45,11730201.0,163.45,dia
2009-07-02,91.13,92.36,89.76,89.81,212309828.0,89.81,spy
2005-07-26,18.67,18.73,18.56,18.69,89400.0,18.69,ewg
2001-10-03,8.3,8.38,8.29,8.38,15300.0,8.38,ewa
2014-09-24,50.19,50.73,50.13,50.68,4279073.0,50.68,xlb
2013-04-03,24.85,24.92,24.63,24.67,3963971.0,24.67,ewg
2006-08-10,58.26,58.4,57.65,58.12,17797400.0,58.12,xle
2001-05-10,27.99,28.18,27.84,27.88,34300.0,27.88,xly
2016-06-15,43.64,43.72,43.41,43.46,7078108.0,43.46,xlk
2008-12-23,33.01,33.53,32.69,32.99,1483285.0,32.99,eww
2008-05-23,18.93,18.98,18.77,18.86,4078700.0,18.86,ewh
2013-03-01,37.29,37.52,37.12,37.5,5718476.0,37.5,xlu
2015-11-09,42.06,42.56,41.97,42.36,13333302.0,42.36,xlu
2009-01-02,17.44,17.94,17.28,17.88,1280170.0,17.88,ewc
2003-10-24,13.25,13.25,13.09,13.14,70700.0,13.14,ewc
2002-02-22,20.25,20.84,20.07,20.48,1214400.0,20.48,xlk
2009-03-17,14.21,14.48,14.08,14.48,1286486.0,14.48,ewg
2005-08-16,31.77,31.89,31.36,31.36,2012700.0,31.36,xlu
2011-11-22,30.49,30.82,30.49,30.59,2051940.0,30.59,xlp
2008-12-01,10.0,10.04,9.43,9.45,8708808.0,9.45,ewh
2013-07-25,20.59,20.67,20.47,20.66,37564069.0,20.66,xlf
2004-04-20,13.8,14.45,13.66,13.66,136400.0,13.66,ewa
2015-04-08,51.84,51.92,51.56,51.68,7182010.0,51.68,ewj
2006-08-31,113.86,114.08,113.68,113.81,3173500.0,113.81,dia
2015-03-27,23.96,23.99,23.84,23.93,24495747.0,23.93,xlf
2011-08-15,29.36,29.69,29.26,29.69,355734.0,29.69,ewc
2006-12-11,36.29,36.48,36.27,36.41,2954600.0,36.41,xlf
2014-03-19,60.87,61.76,60.4,60.49,4458838.0,60.49,eww
2001-06-08,10.96,10.96,10.81,10.84,18600.0,10.84,ewh
2010-05-10,33.77,33.96,33.49,33.86,16425795.0,33.86,xly
2016-01-26,54.1,55.22,53.4,55.15,25167064.0,55.15,xle
2002-09-17,25.55,25.55,24.55,24.84,65000.0,24.84,xly
2007-08-30,145.45,147.19,145.31,146.15,75994600.0,146.15,spy
2002-11-11,27.88,27.88,27.28,27.32,39475.0,27.32,ewj
2012-08-13,36.05,36.1,35.67,35.86,689741.0,35.86,xlb
2006-01-23,31.2,31.61,31.16,31.4,11087800.0,31.4,xlf
2010-01-25,26.48,26.49,26.2,26.34,6078233.0,26.34,xlp
2006-09-06,32.84,32.84,32.62,32.7,1322700.0,32.7,xlv
2003-10-01,21.97,22.0,21.61,21.93,785300.0,21.93,xlu
2006-11-17,22.91,23.13,22.9,23.08,324400.0,23.08,ewa
2004-05-06,102.82,103.18,101.91,102.59,8869800.0,102.59,dia
2010-11-30,18.79,19.02,18.79,18.89,3691008.0,18.89,ewh
2007-08-06,38.67,38.87,37.83,38.87,10346500.0,38.87,xlb
2004-07-23,10.38,10.38,10.07,10.16,603600.0,10.16,ewh
2013-07-05,40.02,40.2,39.65,40.03,10602506.0,40.03,xlp
2006-11-17,23.5,23.64,23.48,23.64,1503500.0,23.64,xlk
2005-10-20,119.49,119.81,117.3,117.67,24438200.0,117.67,spy
2007-05-04,25.0,25.03,24.87,25.01,2909200.0,25.01,xlk
2007-08-07,65.99,68.64,65.76,68.06,37963400.0,68.06,xle
2010-09-01,31.44,32.04,31.42,31.97,12036946.0,31.97,xlb
2001-03-23,24.32,25.22,24.3,25.16,506700.0,25.16,xlf
2006-11-01,35.94,36.13,35.85,36.01,6643400.0,36.01,xlu
2008-06-10,34.49,34.5,33.78,33.96,1791600.0,33.96,ewc
2004-11-04,40.52,41.0,40.32,40.96,1494750.0,40.96,ewj
2003-12-15,13.8,13.84,13.61,13.69,154600.0,13.69,ewc
2001-04-23,27.26,27.41,26.94,27.1,494300.0,27.1,xlf
2009-11-20,109.25,109.76,109.01,109.43,134195979.0,109.43,spy
2006-09-29,43.0,43.31,43.0,43.21,1237400.0,43.21,eww
2003-09-22,28.6,28.62,28.27,28.4,166500.0,28.4,xlv
2015-12-22,49.98,50.61,49.86,50.55,7185807.0,50.55,xlp
2002-10-15,13.55,13.84,13.44,13.8,2731000.0,13.8,xlk
2014-11-19,65.45,66.5,65.37,66.41,2236990.0,66.41,eww
2008-11-18,33.76,34.32,33.24,34.32,9759623.0,34.32,ewj
2001-05-15,125.55,126.5,124.85,125.98,9703100.0,125.98,spy
2005-09-30,30.0,30.16,29.96,30.16,261100.0,30.16,xli
2001-11-21,26.3,26.3,26.0,26.24,12700.0,26.24,xlv
2000-05-16,28.81,28.81,28.34,28.58,906400.0,28.58,xlu
2010-01-12,22.82,22.85,22.61,22.7,9742883.0,22.7,xlk
2001-12-14,31.4,31.72,31.24,31.64,494775.0,31.64,ewj
2005-06-28,12.47,12.57,12.42,12.48,719900.0,12.48,ewh
2010-05-05,50.28,51.02,49.54,50.3,7690783.0,50.3,eww
2007-10-08,34.9,34.9,34.68,34.8,1785800.0,34.8,ewg
2016-11-25,49.46,49.59,49.38,49.56,1602589.0,49.56,xlb
2006-05-04,34.32,34.56,34.06,34.4,2025700.0,34.4,xlb
2009-07-08,13.21,13.29,12.95,13.07,6864732.0,13.07,ewh
2012-03-06,36.48,36.48,35.96,36.03,5151365.0,36.03,xli
2014-10-09,24.27,24.33,23.85,23.87,1956580.0,23.87,ewa
2006-06-21,20.0,20.46,20.0,20.33,1506400.0,20.33,xlk
2016-07-19,185.01,185.42,184.82,185.42,2046274.0,185.42,dia
2013-02-07,50.46,50.51,49.83,50.33,5165350.0,50.33,xly
2015-04-07,61.16,61.33,60.83,60.93,2062945.0,60.93,eww
2003-11-10,24.0,24.0,23.63,23.65,694200.0,23.65,xlb
2012-05-01,61.97,62.95,61.66,62.39,469078.0,62.39,eww
2007-03-26,54.34,54.34,53.22,53.72,2847400.0,53.72,eww
2016-12-14,227.41,228.23,225.36,225.88,142501812.0,225.88,spy
2008-01-16,35.53,36.28,35.53,35.88,4205600.0,35.88,xlv
2014-12-12,57.65,57.65,56.25,56.43,3758667.0,56.43,eww
2001-07-24,28.83,28.83,27.97,28.16,186800.0,28.16,xli
2006-04-20,34.4,34.41,33.83,34.06,4531500.0,34.06,xlb
2007-05-09,31.31,31.55,31.27,31.51,645900.0,31.51,ewg
2001-11-07,25.52,26.1,25.52,25.81,424300.0,25.81,xlf
2005-04-11,29.63,29.82,29.42,29.74,1468500.0,29.74,xlu
2003-01-30,18.87,18.99,18.6,18.65,1461200.0,18.65,xlb
2013-12-20,65.55,65.84,65.46,65.66,7393491.0,65.66,xly
2001-03-05,27.75,27.75,27.01,27.38,750600.0,27.38,xlf
2011-02-15,122.3,122.36,121.88,122.2,733743.0,122.2,dia
2001-11-27,14.45,14.52,14.32,14.41,24200.0,14.41,ewg
2000-05-15,31.69,32.31,31.5,32.27,1278300.0,32.27,xle
2000-09-11,0.0,16.81,16.38,16.62,33900.0,16.62,ewc
2016-05-13,55.66,55.88,54.9,55.05,13017911.0,55.05,xli
2002-06-17,101.92,104.34,101.85,104.12,17430500.0,104.12,spy
2004-01-14,112.65,113.66,112.63,113.53,26288700.0,113.53,spy
2011-05-03,35.52,35.6,35.33,35.51,2505290.0,35.51,xlv
2009-07-28,19.62,19.73,19.34,19.64,560400.0,19.64,ewg
2004-03-05,16.4,16.68,16.39,16.55,84700.0,16.55,ewg
2010-12-17,25.21,25.29,25.09,25.29,1658115.0,25.29,ewa
2001-06-27,11.45,11.45,11.15,11.17,3000.0,11.17,ewc
2001-03-29,97.05,98.97,96.8,98.14,5070400.0,98.14,dia
2015-01-05,48.26,48.37,47.88,48.01,8272747.0,48.01,xlp
2001-12-19,14.85,14.92,14.76,14.91,6900.0,14.91,eww
2011-02-03,36.69,36.69,36.4,36.65,2065572.0,36.65,xli
2009-02-25,30.08,30.16,29.36,29.6,11038891.0,29.6,ewj
2000-12-19,28.56,29.06,28.06,28.23,2884900.0,28.23,xlf
2005-05-24,23.56,23.56,23.43,23.52,2247200.0,23.52,xlp
2009-03-09,6.05,6.45,5.97,6.26,244174242.0,6.26,xlf
2014-09-05,40.13,40.3,40.03,40.29,7026224.0,40.29,xlk
2008-12-26,28.16,28.38,28.06,28.08,1086551.0,28.08,xlu
2005-12-05,22.04,22.04,21.83,21.91,1606600.0,21.91,xlk
2014-09-15,63.81,63.88,63.42,63.64,6082501.0,63.64,xlv
2001-01-16,34.81,35.0,34.06,34.62,663100.0,34.62,xlk
2010-08-30,20.93,21.09,20.76,20.76,7593563.0,20.76,xlk
2012-04-23,38.48,38.58,38.38,38.52,624738.0,38.52,ewj
2010-07-21,50.02,50.41,49.41,49.63,2332612.0,49.63,eww
2009-02-03,14.98,15.28,14.79,15.21,6327209.0,15.21,xlk
2012-04-10,128.85,129.05,126.93,126.97,1844404.0,126.97,dia
2005-10-13,18.85,19.07,18.8,19.07,1349900.0,19.07,ewg
2000-05-19,22.69,22.88,22.62,22.81,33000.0,22.81,ewg
2005-05-23,16.81,16.88,16.71,16.88,333300.0,16.88,ewa
2008-05-12,31.59,31.71,31.45,31.71,1080900.0,31.71,xlv
2013-08-01,46.46,46.52,46.12,46.12,11762985.0,46.12,ewj
2001-01-02,29.59,29.59,28.39,28.67,1260300.0,28.67,xlf
2009-09-25,21.83,22.16,21.83,22.0,5273983.0,22.0,ewa
2016-01-22,45.58,45.93,45.13,45.49,3052427.0,45.49,eww
2015-03-03,51.64,51.82,51.38,51.55,3208255.0,51.55,xlb
2008-12-26,35.6,36.72,35.28,36.68,2879444.0,36.68,ewj
2006-01-06,128.04,128.58,127.43,128.44,55445900.0,128.44,spy
2016-06-01,25.82,25.99,25.78,25.96,4081374.0,25.96,ewg
2008-12-26,15.01,15.07,14.93,14.93,2123628.0,14.93,xlk
2006-05-05,42.52,43.07,42.48,42.65,1087200.0,42.65,eww
2015-05-13,48.85,49.19,48.78,48.84,3716893.0,48.84,xlp
2006-06-30,32.1,32.21,31.93,32.1,2092700.0,32.1,xlb
2000-04-10,27.55,28.0,27.5,27.67,26600.0,27.67,xlu
2013-10-02,83.09,83.73,82.65,83.63,7716429.0,83.63,xle
2002-05-03,28.46,28.5,28.14,28.33,50700.0,28.33,xle
2005-08-10,30.15,30.6,30.03,30.24,700200.0,30.24,eww
2008-03-05,36.38,37.03,36.38,36.83,4734800.0,36.83,xli
2007-03-08,36.76,37.26,36.36,36.88,4809800.0,36.88,xlb
2009-12-28,22.76,22.82,22.69,22.82,283922.0,22.82,ewg
2002-06-14,100.31,101.56,98.5,101.4,37870100.0,101.4,spy
2012-12-05,70.63,71.29,70.44,70.9,12531984.0,70.9,xle
2014-02-27,59.1,59.44,58.94,59.44,5980067.0,59.44,xlv
2004-04-26,10.12,10.2,10.01,10.05,1351800.0,10.05,ewh
2007-12-04,31.06,31.23,30.95,31.09,1140000.0,31.09,ewa
2004-06-25,41.88,42.32,41.84,42.04,1204800.0,42.04,ewj
2000-03-31,29.3,29.52,29.11,29.2,23400.0,29.2,xli
2006-07-10,126.94,127.43,126.41,126.85,54253900.0,126.85,spy
2000-02-29,17.38,17.38,17.38,17.38,600.0,17.38,ewc
2011-12-07,125.84,127.26,124.97,126.75,47462667.0,126.75,spy
2006-04-07,20.91,20.98,20.67,20.79,449900.0,20.79,ewa
2010-05-28,26.35,26.35,26.35,26.35,12367902.0,26.35,xlp
2013-03-21,144.12,144.59,143.49,143.89,6076519.0,143.89,dia
2006-01-31,32.19,32.34,32.07,32.15,2661800.0,32.15,xlu
2002-07-18,20.9,21.11,20.51,20.51,57600.0,20.51,xlb
2002-05-14,29.72,29.94,29.51,29.94,35300.0,29.94,xlv
2005-01-07,24.06,24.06,23.69,23.81,347000.0,23.81,eww
2003-04-09,19.05,19.2,18.81,18.82,250000.0,18.82,xlp
2008-08-12,37.55,37.7,36.79,36.99,5624800.0,36.99,xlu
2001-10-11,30.08,30.12,29.57,29.66,1023100.0,29.66,xlu
2002-04-19,20.85,20.85,20.51,20.55,226000.0,20.55,xlk
2010-07-13,21.71,21.87,21.56,21.8,10290940.0,21.8,xlk
2016-09-20,20.02,20.08,19.96,19.99,951870.0,19.99,ewa
2011-03-31,31.96,31.97,31.8,31.9,802123.0,31.9,xlu
2009-01-05,15.89,16.04,15.72,15.94,6265939.0,15.94,xlk
2007-10-30,57.0,57.28,56.92,57.04,2550275.0,57.04,ewj
2009-06-25,25.73,26.52,25.57,26.37,8134479.0,26.37,xlv
2000-04-10,111.22,112.98,110.91,112.06,1833500.0,112.06,dia
2012-05-11,26.48,26.96,26.47,26.59,269945.0,26.59,ewc
2009-11-10,28.58,28.87,28.5,28.81,6486831.0,28.81,xly
2000-06-02,11.75,12.62,12.12,12.62,115300.0,12.62,ewh
2011-05-12,31.69,32.17,31.69,32.15,2159717.0,32.15,xlp
2016-09-12,78.12,79.73,78.01,79.53,10876558.0,79.53,xly
2012-07-17,127.55,128.14,126.3,127.82,551779.0,127.82,dia
2007-08-07,29.75,29.76,29.23,29.53,501700.0,29.53,ewc
2014-02-21,161.08,161.62,160.62,160.81,5268349.0,160.81,dia
2015-10-27,44.39,44.49,44.12,44.27,8490111.0,44.27,xlu
2012-05-21,55.01,56.28,54.83,56.2,915225.0,56.2,eww
2012-05-17,20.28,20.31,19.97,19.97,1866349.0,19.97,ewg
2001-08-22,11.1,11.1,10.87,10.95,25800.0,10.95,ewc
2012-02-03,17.24,17.33,17.19,17.22,2688039.0,17.22,ewh
2013-03-20,19.45,19.52,19.41,19.5,3260133.0,19.5,ewh
2016-09-21,214.24,216.03,213.44,215.82,110284425.0,215.82,spy
2009-10-08,15.68,15.76,15.59,15.67,5877387.0,15.67,ewh
2010-06-09,37.16,37.44,36.88,37.12,4100995.0,37.12,ewj
2006-06-06,54.76,54.84,53.8,54.56,8242475.0,54.56,ewj
2012-01-12,15.83,15.87,15.74,15.85,1528966.0,15.85,ewh
2005-04-14,16.96,16.96,16.64,16.67,386000.0,16.67,ewa
2003-09-22,15.65,15.65,15.52,15.64,16800.0,15.64,eww
2003-05-06,20.15,20.15,19.87,19.93,674200.0,19.93,xlu
2002-12-11,23.8,24.14,23.8,24.1,48500.0,24.1,xly
2002-09-23,20.2,20.28,19.96,20.15,62900.0,20.15,xli
2003-09-26,27.96,27.97,27.66,27.73,456800.0,27.73,xly
2007-12-28,134.22,134.4,132.82,133.41,7370700.0,133.41,dia
2011-09-15,32.98,33.04,32.5,33.01,2646000.0,33.01,xlv
2007-01-24,57.44,58.08,57.32,57.84,4414150.0,57.84,ewj
2002-01-22,26.35,26.35,25.71,25.83,15000.0,25.83,xli
2010-06-17,30.26,30.39,29.93,30.37,7351911.0,30.37,xlu
2002-01-03,25.16,25.32,25.03,25.23,146200.0,25.23,xlp
2015-10-22,23.55,23.97,23.54,23.88,48664823.0,23.88,xlf
2005-02-09,16.97,17.06,16.91,17.01,356700.0,17.01,ewa
2010-10-21,28.97,28.98,28.44,28.64,1632171.0,28.64,ewc
2008-04-23,61.91,62.05,60.94,61.41,3143000.0,61.41,eww
2004-05-25,27.86,28.38,27.7,28.34,2951600.0,28.34,xlf
2001-07-05,27.77,27.95,27.15,27.15,285100.0,27.15,xlk
2001-06-05,28.3,29.47,28.3,29.15,222300.0,29.15,xlk
2001-09-05,15.05,15.05,14.6,14.8,12400.0,14.8,eww
2015-07-24,51.4,51.44,50.96,51.0,8738884.0,51.0,ewj
2000-01-24,16.81,16.88,16.69,16.69,16600.0,16.69,ewc
2016-07-29,74.91,75.34,74.73,75.2,4889200.0,75.2,xlv
2014-03-12,86.55,87.39,86.46,87.17,9368623.0,87.17,xle
2008-10-20,11.1,11.49,10.97,11.44,4792700.0,11.44,ewh
2004-12-31,43.4,43.68,43.32,43.68,1421250.0,43.68,ewj
2006-03-13,51.69,52.46,51.55,52.4,11933700.0,52.4,xle
2000-01-04,10.75,10.81,10.56,10.75,9700.0,10.75,ewa
2014-05-21,63.64,64.28,63.64,64.23,3889031.0,64.23,xly
2015-01-27,21.67,21.84,21.61,21.81,7660977.0,21.81,ewh
2009-11-17,58.63,58.84,58.19,58.67,16849998.0,58.67,xle
2008-06-27,114.57,114.74,112.86,113.62,24805800.0,113.62,dia
2003-10-22,28.15,28.15,27.44,27.59,275300.0,27.59,xlv
2007-06-13,39.82,40.6,39.76,40.49,4237800.0,40.49,xlb
2006-07-05,13.5,13.6,13.31,13.45,893500.0,13.45,ewh
2011-04-28,28.14,28.36,28.06,28.35,1951271.0,28.35,ewa
2012-08-28,15.08,15.18,15.05,15.11,6157788.0,15.11,xlf
2001-07-06,22.04,22.18,21.83,21.87,44500.0,21.87,xlb
2006-06-07,54.32,54.59,52.6,52.6,46146600.0,52.6,xle
2007-12-28,29.3,29.3,28.73,28.94,32340300.0,28.94,xlf
2008-03-31,30.79,31.17,30.62,31.17,3494800.0,31.17,xlv
2012-01-11,35.37,35.53,35.3,35.51,821091.0,35.51,xlv
2000-03-15,57.5,58.5,57.5,58.5,187375.0,58.5,ewj
2016-02-24,46.78,47.09,46.58,47.0,16749854.0,47.0,xlu
2009-07-15,16.93,17.22,16.89,17.22,6308811.0,17.22,ewa
2010-12-14,19.33,19.38,19.25,19.31,1817821.0,19.31,ewh
2003-04-03,9.58,9.6,9.58,9.6,2200.0,9.6,ewa
2012-12-28,37.04,37.19,36.75,36.82,6640786.0,36.82,xlb
2014-07-14,42.96,43.06,42.32,42.34,8307081.0,42.34,xlu
2009-03-03,9.24,9.29,9.01,9.15,6476503.0,9.15,ewh
2000-04-20,60.75,61.5,60.75,61.25,129200.0,61.25,ewj
2016-12-02,219.67,220.25,219.26,219.68,74840347.0,219.68,spy
2016-07-12,44.69,44.81,44.55,44.75,16042816.0,44.75,xlk
2002-01-14,25.2,25.54,25.2,25.24,308700.0,25.24,xle
2008-08-08,27.82,28.54,27.81,28.41,3083200.0,28.41,xlp
2014-06-13,54.35,54.64,54.27,54.5,6885595.0,54.5,xli
2001-10-30,24.4,24.75,24.05,24.55,638800.0,24.55,xlf
2016-03-29,202.76,205.25,202.4,205.12,90977994.0,205.12,spy
2010-07-28,31.56,31.74,31.25,31.39,5164244.0,31.39,xly
2001-10-30,7.91,7.91,7.8,7.8,27800.0,7.8,ewh
2002-04-01,26.9,27.12,26.75,27.1,956900.0,27.1,xlf
2004-05-27,29.95,30.02,29.45,29.6,3249200.0,29.6,xle
2009-12-28,50.45,50.62,49.62,49.89,1402359.0,49.89,eww
2000-06-05,27.75,28.12,27.75,27.91,1200.0,27.91,xly
2014-08-29,68.91,69.0,68.58,68.82,2309226.0,68.82,xly
2002-10-15,86.33,88.72,86.33,88.7,74875100.0,88.7,spy
2003-02-03,21.65,21.93,21.65,21.77,534800.0,21.77,xlf
2000-07-13,11.75,13.56,13.38,13.5,25500.0,13.5,ewh
2011-02-24,31.94,32.17,31.87,32.12,2774365.0,32.12,xlv
2006-04-19,34.15,34.41,33.86,34.38,1619600.0,34.38,xlb
2014-08-01,22.01,22.06,21.92,21.98,4371942.0,21.98,ewh
2009-09-28,40.16,40.64,40.08,40.4,5030401.0,40.4,ewj
2001-04-10,14.55,15.0,14.45,14.79,14500.0,14.79,eww
2005-09-08,31.32,31.38,30.85,30.9,284700.0,30.9,eww
2008-10-09,99.66,100.62,90.25,90.7,88974200.0,90.7,spy
2009-06-03,14.45,14.48,14.04,14.25,8253033.0,14.25,ewh
2004-03-30,26.13,26.31,25.98,26.26,379100.0,26.26,xlb
2006-05-09,115.83,116.43,115.77,116.34,3693900.0,116.34,dia
2008-03-27,25.87,25.91,25.12,25.13,22050100.0,25.13,xlf
2006-06-27,20.15,20.15,19.8,19.8,1256100.0,19.8,xlk
2008-11-21,19.4,20.23,18.93,20.1,15550743.0,20.1,xlb
2004-05-28,102.21,102.3,101.84,102.18,4425400.0,102.18,dia
2003-07-08,14.75,14.76,14.61,14.67,175800.0,14.67,eww
2012-09-06,30.68,31.14,30.64,31.12,1940687.0,31.12,xlk
2012-01-11,27.35,27.35,27.15,27.2,1236709.0,27.2,ewc
2002-07-10,8.91,8.98,8.67,8.69,75300.0,8.69,ewh
2000-03-06,24.14,25.91,25.5,25.5,79200.0,25.5,xlu
2001-05-18,24.59,24.59,24.1,24.38,140000.0,24.38,xlb
2001-11-23,9.35,9.35,9.34,9.34,7300.0,9.34,ewa
2008-11-25,9.86,9.86,9.45,9.6,4370908.0,9.6,ewh
2013-01-10,25.61,25.7,25.52,25.68,1539526.0,25.68,ewa
2002-01-09,9.61,9.62,9.55,9.62,7300.0,9.62,ewa
2002-02-06,16.03,16.33,15.76,16.33,41100.0,16.33,eww
2005-01-06,23.87,23.93,23.3,23.9,395700.0,23.9,eww
2011-04-14,38.9,39.11,38.7,39.06,926568.0,39.06,xly
2012-06-26,24.99,25.13,24.77,25.07,347416.0,25.07,ewc
2000-04-25,17.44,17.56,17.25,17.56,5500.0,17.56,ewc
2011-11-02,23.19,23.3,22.84,23.14,1041159.0,23.14,ewa
2011-11-18,33.01,33.05,32.82,32.85,1301864.0,32.85,xlv
2004-04-06,29.64,29.74,29.59,29.66,1274700.0,29.66,xlf
2002-04-08,20.15,20.67,19.98,20.6,730800.0,20.6,xlk
2003-11-28,9.94,9.94,9.81,9.94,975000.0,9.94,ewh
2012-03-27,40.68,40.68,40.52,40.56,1033681.0,40.56,ewj
2002-09-26,84.64,86.05,84.45,85.73,51352300.0,85.73,spy
2004-01-07,18.03,18.23,17.91,18.13,72100.0,18.13,eww
2007-10-10,35.01,35.08,34.9,34.99,816100.0,34.99,ewg
2000-12-13,38.88,38.88,36.69,36.69,1046200.0,36.69,xlk
2008-10-16,27.04,27.5,25.36,27.27,10744300.0,27.27,xlu
2004-10-08,113.15,113.77,112.35,112.51,49847800.0,112.51,spy
2001-10-26,13.65,13.65,13.45,13.55,2400.0,13.55,eww
2012-05-10,34.04,34.22,34.04,34.12,624624.0,34.12,xlp
2001-12-12,26.0,26.23,25.84,26.05,527800.0,26.05,xlf
2004-12-23,120.87,121.28,120.09,120.77,24829900.0,120.77,spy
2014-05-09,93.88,94.05,93.31,93.67,8710770.0,93.67,xle
2003-05-05,26.28,26.56,26.24,26.48,520550.0,26.48,ewj
2015-02-05,28.92,29.19,28.82,29.18,8647002.0,29.18,ewg
2011-04-28,40.34,40.65,40.34,40.57,1365386.0,40.57,xly
2010-05-24,101.37,101.98,100.53,100.68,16543605.0,100.68,dia
2009-12-23,30.07,30.16,29.82,30.16,3022065.0,30.16,xly
2007-03-15,22.98,23.02,22.85,22.99,2202100.0,22.99,xlk
2016-02-23,48.3,48.54,47.67,47.73,2161877.0,47.73,eww
2014-04-30,187.44,188.5,187.18,188.31,101507717.0,188.31,spy
2010-08-27,28.31,28.81,27.98,28.74,19744192.0,28.74,xli
2010-01-19,105.9,107.23,105.86,107.17,10881108.0,107.17,dia
2013-05-08,26.29,26.42,26.26,26.39,4663820.0,26.39,ewg
2015-05-05,59.07,59.99,59.03,59.21,2119915.0,59.21,eww
2005-10-11,20.39,20.48,20.3,20.43,1156300.0,20.43,ewc
2013-08-08,51.27,51.33,50.91,51.09,3629491.0,51.09,xlv
2011-07-08,133.84,134.44,133.39,134.4,43893555.0,134.4,spy
2007-06-05,30.72,30.72,30.33,30.42,419900.0,30.42,ewc
2007-03-12,35.75,36.0,35.62,35.87,9877400.0,35.87,xlf
2016-07-28,81.16,81.63,80.86,81.53,3158914.0,81.53,xly
2007-11-09,21.64,22.3,21.64,21.73,8730900.0,21.73,ewh
2006-03-24,112.67,113.08,112.34,112.75,4624300.0,112.75,dia
2000-11-27,32.81,33.0,32.59,32.73,45900.0,32.73,xle
2002-08-08,31.16,31.6,31.04,31.52,170175.0,31.52,ewj
2002-06-17,23.96,24.51,23.96,24.51,24100.0,24.51,xli
2008-06-13,85.33,86.84,85.05,86.6,16489900.0,86.6,xle
2007-02-01,34.65,34.83,34.61,34.8,2628200.0,34.8,xlv
2001-09-20,11.75,11.8,11.1,11.15,99800.0,11.15,ewg
2006-11-24,33.01,33.08,32.98,33.02,118700.0,33.02,xlv
2011-05-04,31.62,31.71,31.55,31.61,2015892.0,31.61,xlp
2005-10-10,31.55,31.61,31.31,31.31,511700.0,31.31,eww
2014-09-11,49.82,50.09,49.79,49.98,4262712.0,49.98,xlb
2016-10-21,78.58,79.71,78.58,79.59,4797682.0,79.59,xly
2013-09-18,32.47,32.82,32.39,32.78,8828081.0,32.78,xlk
2002-04-30,9.84,9.9,9.78,9.9,21800.0,9.9,ewa
2007-01-10,33.69,33.81,33.52,33.75,526300.0,33.75,xlv
2010-07-14,29.11,29.26,28.96,29.2,5958259.0,29.2,xlv
2009-08-25,20.14,20.27,20.07,20.08,4613426.0,20.08,xlk
2004-08-20,18.55,18.75,18.55,18.66,186600.0,18.66,xlk
2005-10-25,119.72,120.24,118.94,119.72,74772600.0,119.72,spy
2000-11-13,32.27,32.48,31.52,31.81,50000.0,31.81,xle
2009-04-22,23.64,24.01,23.64,23.77,5203175.0,23.77,xlv
2011-05-02,33.88,34.32,33.72,33.84,656915.0,33.84,ewc
2006-11-14,34.87,34.97,34.52,34.88,1344200.0,34.88,xli
2000-01-21,23.73,23.73,23.12,23.33,345000.0,23.33,xlp
2013-01-17,39.1,39.23,38.98,39.08,6709603.0,39.08,xlb
2013-12-18,50.36,51.09,49.91,51.06,21341168.0,51.06,xli
2005-11-11,32.91,33.07,32.9,33.01,837200.0,33.01,xly
2001-01-05,14.12,14.12,13.88,14.12,3400.0,14.12,eww
2002-12-13,15.51,15.54,15.25,15.28,533800.0,15.28,xlk
2003-04-21,19.35,19.39,19.22,19.32,298800.0,19.32,xlu
2006-06-30,20.41,20.42,20.27,20.33,1788800.0,20.33,xlk
2005-05-11,31.15,31.37,31.02,31.33,573500.0,31.33,xlv
2005-09-27,21.33,21.46,21.25,21.46,433900.0,21.46,ewc
2013-06-13,31.2,31.68,31.15,31.62,7608537.0,31.62,xlk
2010-02-10,29.06,29.07,28.66,28.91,5566220.0,28.91,xly
2016-11-14,45.68,46.1,45.32,46.0,28190802.0,46.0,xlu
2002-05-06,9.85,9.88,9.76,9.77,8300.0,9.77,ewa
2015-03-25,76.12,76.31,75.0,75.0,5925751.0,75.0,xly
2006-01-17,30.4,30.71,30.36,30.61,1233300.0,30.61,xlb
2003-06-04,22.35,22.63,22.26,22.6,1138600.0,22.6,xlu
2010-05-19,32.43,32.73,31.86,32.44,15400807.0,32.44,xly
2003-12-11,16.43,16.47,16.29,16.47,28200.0,16.47,eww
2002-01-31,9.08,9.09,8.9,9.09,36300.0,9.09,ewh
2002-08-01,86.86,87.27,84.76,84.87,12663900.0,84.87,dia
2004-05-20,25.96,26.07,25.91,26.04,208500.0,26.04,xli
2000-08-31,111.5,113.23,111.44,112.47,889600.0,112.47,dia
2003-02-14,21.3,21.58,21.19,21.47,90200.0,21.47,xle
2012-01-25,22.93,23.49,22.82,23.43,851490.0,23.43,ewa
2016-09-19,72.29,72.44,71.76,71.85,9919663.0,71.85,xlv
2002-05-28,24.19,24.19,23.86,23.95,359500.0,23.95,xlb
2015-02-19,209.41,210.42,209.24,209.98,91462491.0,209.98,spy
2002-01-14,27.7,28.23,27.7,28.09,42400.0,28.09,xlu
2004-05-25,22.87,23.29,22.75,23.26,849700.0,23.26,xlu
2010-02-02,101.95,103.1,101.68,102.88,8907739.0,102.88,dia
2004-11-09,117.08,117.5,116.76,116.88,43193200.0,116.88,spy
2016-11-01,47.52,47.57,46.69,47.01,9065290.0,47.01,xlk
2013-01-03,29.79,29.87,29.53,29.62,9789666.0,29.62,xlk
2016-04-15,70.24,70.24,69.55,70.02,7945340.0,70.02,xlv
2014-08-18,42.0,42.19,41.79,41.86,8190824.0,41.86,xlu
2004-11-30,104.6,104.76,104.19,104.33,7360000.0,104.33,dia
2013-12-31,66.73,66.85,66.54,66.83,3675751.0,66.83,xly
2011-12-02,35.21,35.28,34.74,34.74,1740651.0,34.74,xlu
2007-07-26,58.32,59.7,56.21,57.67,6210900.0,57.67,eww
2002-03-26,21.22,21.74,21.18,21.42,1949200.0,21.42,xlk
2011-12-14,34.8,34.96,34.58,34.58,1227626.0,34.58,xlu
2009-07-15,23.05,23.49,22.96,23.44,7938893.0,23.44,xly
2007-06-28,29.55,29.84,29.55,29.75,228900.0,29.75,ewc
2016-08-25,49.28,49.4,49.2,49.24,3118675.0,49.24,ewj
2009-05-26,88.36,91.56,88.32,91.3,236318435.0,91.3,spy
2009-04-21,33.24,33.88,33.24,33.76,5707537.0,33.76,ewj
2007-01-05,141.33,141.4,140.38,140.54,68523700.0,140.54,spy
2011-09-06,54.79,56.09,54.38,56.09,1494632.0,56.09,eww
2000-07-25,22.94,24.94,24.56,24.81,16600.0,24.81,ewg
2013-02-14,40.8,41.06,40.73,41.04,9256084.0,41.04,xli
2000-09-01,22.94,21.31,20.94,21.06,70100.0,21.06,ewg
2001-10-24,26.85,26.88,26.42,26.8,197800.0,26.8,xle
2010-07-13,14.72,14.97,14.71,14.89,84352218.0,14.89,xlf
2014-09-22,23.6,23.66,23.46,23.49,32311214.0,23.49,xlf
2011-08-22,12.46,12.46,11.95,11.97,34580315.0,11.97,xlf
2010-10-01,31.41,31.65,31.34,31.55,6427973.0,31.55,xlu
2007-03-30,33.65,33.87,33.36,33.65,2867100.0,33.65,xlv
2009-09-21,21.69,21.87,21.58,21.82,2379207.0,21.82,ewa
2003-06-24,7.52,7.65,7.51,7.6,1585000.0,7.6,ewh
2015-06-15,27.38,27.63,27.31,27.59,1738998.0,27.59,ewc
2008-11-19,9.27,9.43,8.83,8.89,5991164.0,8.89,ewh
2000-03-24,24.91,25.19,24.47,24.88,536300.0,24.88,xlf
2005-02-11,17.04,17.25,17.0,17.2,769700.0,17.2,ewc
2016-10-17,25.71,25.75,25.6,25.67,1789566.0,25.67,ewg
2007-06-21,69.53,70.52,69.27,70.45,22224400.0,70.45,xle
2003-10-16,27.12,27.26,27.01,27.15,6155400.0,27.15,xlf
2005-04-08,19.76,19.78,19.56,19.59,426800.0,19.59,xlk
2007-05-30,38.5,38.94,38.36,38.92,3105000.0,38.92,xli
2014-06-27,194.98,195.88,194.88,195.82,71453616.0,195.82,spy
2004-07-28,19.07,19.26,18.86,19.13,956800.0,19.13,xlk
2008-06-19,120.55,121.32,119.94,120.63,20318000.0,120.63,dia
2012-04-12,137.13,138.9,137.03,138.85,31448270.0,138.85,spy
2000-05-08,24.38,24.44,24.12,24.31,44900.0,24.31,ewg
2016-02-08,38.84,39.04,38.26,38.93,24820801.0,38.93,xlk
2001-01-10,13.69,13.81,13.25,13.25,27300.0,13.25,eww
2009-03-23,74.55,77.78,74.17,77.76,25717953.0,77.76,dia
2000-11-22,30.34,30.34,30.03,30.22,1200.0,30.22,xli
2006-06-20,22.32,22.5,22.21,22.21,399900.0,22.21,ewc
2005-01-12,29.95,30.04,29.76,30.0,318000.0,30.0,xlv
2016-06-24,18.92,19.14,18.78,18.82,7136232.0,18.82,ewh
2003-01-27,85.34,86.8,84.5,85.2,56504700.0,85.2,spy
2008-11-24,20.88,22.16,20.81,21.62,20405509.0,21.62,xli
2012-03-26,45.02,45.39,44.97,45.39,743836.0,45.39,xly
2011-07-18,39.47,39.6,38.93,39.1,3149657.0,39.1,xlb
2004-10-12,35.85,36.05,35.46,35.47,2696400.0,35.47,xle
2013-01-15,29.27,29.27,29.1,29.21,8084140.0,29.21,xlk
2008-07-17,28.0,28.69,27.49,28.65,10352300.0,28.65,xly
2000-02-09,31.44,31.44,30.77,30.91,19000.0,30.91,xlv
2000-06-23,24.91,25.12,24.81,25.12,40900.0,25.12,xly
2013-04-30,27.99,28.15,27.89,28.1,2576350.0,28.1,ewa
2004-03-10,31.35,31.35,30.65,30.76,215600.0,30.76,xlv
2015-04-02,71.84,72.32,71.64,71.99,7560107.0,71.99,xlv
2009-12-31,57.01,57.01,57.01,57.01,7253597.0,57.01,xle
2005-10-03,20.85,21.04,20.85,20.87,1056300.0,20.87,xlk
2013-08-13,41.43,41.59,41.2,41.47,3971693.0,41.47,xlb
2007-08-31,28.1,28.1,27.65,27.94,803100.0,27.94,ewa
2010-05-18,114.88,115.22,112.03,112.4,360595878.0,112.4,spy
2015-07-08,26.14,26.24,25.85,25.9,4011575.0,25.9,ewc
2003-08-19,8.5,8.59,8.5,8.53,637900.0,8.53,ewh
2005-07-01,17.62,17.62,17.46,17.5,88000.0,17.5,ewa
2011-07-06,31.42,31.69,31.42,31.63,1442938.0,31.63,xlp
2004-11-03,101.93,102.37,101.14,101.71,9837100.0,101.71,dia
2005-11-16,123.39,123.55,122.98,123.49,44677000.0,123.49,spy
2003-06-06,11.98,12.13,11.9,11.91,152200.0,11.91,ewg
2013-12-03,65.05,65.05,64.41,64.67,4116105.0,64.67,xly
2013-10-10,82.44,83.4,82.42,83.39,12827626.0,83.39,xle
2011-03-01,46.4,46.46,45.82,46.04,2484224.0,46.04,ewj
2010-06-21,31.5,31.8,30.92,31.14,12072106.0,31.14,xlb
2002-12-16,7.7,7.87,7.66,7.83,50400.0,7.83,ewh
2014-03-14,184.8,185.8,184.44,184.66,153919598.0,184.66,spy
2000-01-18,11.12,11.25,11.0,11.25,13200.0,11.25,ewa
2001-07-26,37.84,37.84,37.28,37.44,206775.0,37.44,ewj
2000-06-14,26.19,26.56,26.19,26.25,44600.0,26.25,xly
2001-02-12,20.45,20.69,20.35,20.6,149100.0,20.6,xlb
2015-12-11,53.07,53.21,52.52,52.61,24625522.0,52.61,xli
2010-06-30,103.92,104.88,102.88,103.22,284101670.0,103.22,spy
2003-07-17,20.65,20.8,20.5,20.6,383500.0,20.6,xlu
2016-06-20,50.47,50.62,49.98,50.36,15937898.0,50.36,xlu
2016-09-21,21.91,22.12,21.82,22.1,1669341.0,22.1,ewh
2014-11-20,30.41,30.75,30.35,30.73,1069098.0,30.73,ewc
2002-07-05,10.32,10.55,10.32,10.41,14200.0,10.41,ewc
2006-08-18,31.65,31.79,31.44,31.68,1209900.0,31.68,xlb
2009-07-08,20.4,20.47,19.55,19.87,3806980.0,19.87,ewc
2005-07-14,30.35,30.4,30.21,30.29,2902400.0,30.29,xlf
2016-04-07,54.57,54.86,54.33,54.5,13364507.0,54.5,xli
2005-02-04,39.0,39.11,38.79,39.05,3417200.0,39.05,xle
2000-09-29,25.12,25.25,24.89,24.89,10100.0,24.89,xly
2000-06-02,27.12,27.16,26.56,26.94,1106700.0,26.94,xlf
2007-01-03,23.36,23.66,23.1,23.33,4738600.0,23.33,xlk
2007-02-05,53.63,53.94,53.29,53.55,1126400.0,53.55,eww
